28428336,	0
28428335,	0
28428332,	0
28428327,	0
28428324,	102
28428383,	0
28428380,	0
28428375,	0
28428372,	144
28428371,	0
28428368,	0
28428362,	0
28428361,	0
28428355,	0
28428352,	0
28428447,	0
28428444,	0
28428427,	0
28428424,	0
28428419,	0
28428416,	0
28428475,	0
28428472,	0
28428470,	0
28428469,	0
28428467,	0
28428464,	0
28428463,	0
28428460,	0
28428511,	0
28428508,	0
28428495,	0
28428492,	0
28428491,	0
28428488,	0
28428483,	0
28428480,	0
28428543,	0
28428540,	0
28428527,	0
28428524,	0
28428575,	0
28428572,	0
28428563,	0
28428560,	0
28428559,	0
28428556,	0
28428607,	0
28428604,	0
28428599,	0
28428596,	0
28428587,	0
28428584,	0
28428634,	0
28428633,	0
28428623,	0
28428620,	0
28428614,	0
28428613,	0
28428671,	0
28428668,	0
28428667,	0
28428664,	0
28428655,	0
28428652,	0
28428651,	0
28428648,	0
28428643,	0
28428640,	0
28428703,	0
28428700,	0
28428687,	0
28428684,	0
28428683,	0
28428680,	0
28428735,	0
28428732,	0
28428719,	0
28428716,	0
28428711,	0
28428708,	0
28428706,	0
28428705,	0
28428767,	0
28428764,	0
28428746,	0
28428745,	0
28428799,	0
28428796,	0
28428794,	0
28428793,	0
28428786,	0
28428785,	0
28428779,	0
28428776,	0
28428827,	0
28428826,	0
28428825,	0
28428824,	0
28428855,	0
28428852,	0
28428843,	0
28428840,	0
28428839,	0
28428836,	0
28428895,	0
28428892,	0
28428879,	0
28428876,	0
28428871,	0
28428868,	0
28428867,	0
28428866,	0
28428865,	0
28428864,	0
28428915,	0
28428912,	0
28428903,	0
28428900,	0
28428955,	0
28428952,	0
28428943,	0
28428940,	0
28428990,	0
28428989,	0
28428983,	0
28428980,	0
28429022,	0
28429021,	0
28428994,	0
28428993,	0
28429043,	0
28429040,	0
28429086,	195
28429085,	195
28429106,	0
28429105,	0
28429095,	0
28429092,	196
28429151,	0
28429148,	0
28429122,	0
28429121,	0
28429183,	0
28429180,	0
28429175,	0
28429172,	0
28429214,	0
28429213,	196
28429207,	0
28429204,	0
28429186,	0
28429185,	0
28429247,	0
28429246,	196
28429245,	196
28429244,	0
28429234,	0
28429233,	0
28429223,	0
28429220,	196
28429279,	0
28429276,	0
28429270,	0
