28432990,	0
28432989,	0
28432974,	0
28432973,	0
28432966,	0
28432965,	0
28432963,	0
28432962,	0
28432961,	0
28432960,	0
28433010,	0
28433009,	0
28432998,	0
28432997,	0
28433050,	0
28433049,	0
28433038,	0
28433037,	0
28433087,	0
28433084,	0
28433078,	0
28433077,	0
28433119,	0
28433116,	0
28433091,	0
28433088,	0
28433138,	0
28433137,	0
28433183,	0
28433180,	0
28433203,	0
28433200,	0
28433190,	0
28433189,	196
28433246,	0
28433245,	0
28433219,	0
28433216,	0
28433278,	0
28433277,	0
28433270,	0
28433269,	0
28433311,	117
28433308,	0
28433302,	0
28433301,	0
28433283,	0
28433280,	0
28433343,	196
28433342,	0
28433341,	0
28433340,	0
28433331,	0
28433328,	0
28433318,	196
28433317,	196
28433374,	0
28433373,	0
28433367,	0
28433364,	0
28433363,	0
28433360,	0
28433358,	0
28433357,	0
28433350,	0
28433349,	0
28433347,	0
28433344,	0
28433407,	196
28433404,	0
28433395,	0
28433394,	0
28433393,	0
