28460683,	0
28460730,	0
28460721,	0
28460719,	0
28460715,	0
28460714,	0
28460713,	0
28460705,	0
28460763,	0
28460754,	0
28460753,	0
28460747,	0
28460746,	0
28460742,	0
28460738,	0
28460799,	0
28460794,	0
28460793,	0
28460791,	0
28460785,	0
28460779,	0
28460777,	0
28460775,	0
28460774,	0
28460769,	0
28460827,	0
28460824,	0
28460823,	0
28460822,	0
28460821,	0
28460818,	0
28460815,	0
28460811,	0
28460810,	0
28460808,	0
28460807,	0
28460801,	0
28460854,	0
28460853,	0
28460847,	0
28460843,	0
28460842,	0
28460840,	0
28460838,	0
28460834,	0
28460833,	0
28460895,	0
28460891,	0
28460889,	0
28460886,	0
28460885,	0
28460881,	0
28460879,	0
28460875,	0
28460874,	0
28460872,	0
28460870,	0
28460869,	0
28460866,	0
28460923,	0
28460922,	0
28460921,	0
28460920,	0
28460919,	0
28460914,	0
28460913,	0
28460911,	0
28460905,	0
28460902,	0
28460959,	0
28460955,	0
28460953,	0
28460952,	0
28460950,	0
28460949,	0
28460945,	0
28460943,	0
28460938,	0
28460937,	0
28460936,	0
28460933,	0
28460930,	0
28460929,	0
28460987,	0
28460986,	0
28460985,	0
28460980,	0
28460978,	0
28460977,	0
28460975,	0
28460971,	0
28460970,	0
28460962,	0
28460961,	0
28461023,	0
28461019,	0
28461017,	0
28461016,	0
28461014,	0
28461010,	144
28461009,	0
28461007,	0
28461003,	0
28461002,	0
28460999,	0
28460997,	0
28460993,	0
28461055,	0
28461051,	0
28461050,	0
28461048,	0
28461047,	0
28461046,	0
28461039,	0
28461035,	0
28461034,	0
28461033,	0
28461032,	0
28461026,	0
28461025,	0
28461082,	0
28461081,	0
28461080,	0
28461073,	196
28461071,	0
28461068,	0
28461066,	0
28461065,	0
28461064,	0
28461063,	0
28461062,	0
28461058,	0
28461057,	0
28461115,	0
28461114,	0
28461113,	0
28461112,	0
28461111,	0
28461108,	0
28461106,	0
28461105,	0
