28477786,	0
28477785,	0
28477784,	0
28477783,	0
28477780,	0
28477779,	0
28477777,	0
28477776,	0
28477775,	0
28477772,	0
28477771,	0
28477770,	0
28477769,	0
28477768,	0
28477767,	0
28477764,	0
28477762,	0
28477761,	0
28477760,	0
28477823,	0
28477822,	0
28477821,	0
28477820,	0
28477819,	0
28477818,	0
28477817,	0
28477816,	0
28477814,	0
28477813,	0
28477811,	0
28477810,	0
28477809,	0
28477799,	0
28477795,	0
28477793,	0
28477853,	0
28477852,	0
28477851,	0
28477850,	0
28477849,	0
28477847,	0
28477842,	0
28477840,	0
28477839,	0
28477837,	0
28477836,	0
28477835,	0
28477834,	0
28477833,	0
28477831,	0
28477829,	0
28477828,	0
28477827,	0
28477826,	0
28477825,	0
28477824,	0
28477887,	0
28477886,	0
28477885,	0
28477884,	0
28477882,	0
