28494198,	0
28494197,	0
28494195,	0
28494194,	0
28494193,	0
28494183,	0
28494179,	0
28494177,	0
28494237,	0
28494236,	0
28494235,	0
28494234,	0
28494233,	0
28494231,	0
28494226,	0
28494224,	0
28494223,	0
28494221,	0
28494220,	0
28494219,	0
28494218,	0
28494217,	0
28494215,	0
28494213,	0
28494212,	0
28494211,	0
28494210,	0
28494209,	0
28494208,	0
28494271,	0
28494270,	0
28494269,	0
28494268,	0
28494266,	0
28494265,	0
28494264,	0
28494262,	0
28494261,	0
28494260,	0
28494259,	0
28494258,	0
28494257,	0
28494256,	0
28494252,	0
28494251,	0
28494250,	0
28494249,	0
28494248,	0
28494247,	0
28494246,	196
28494245,	196
28494244,	0
28494242,	0
28494241,	0
28494240,	0
28494303,	0
28494302,	0
28494300,	0
28494298,	196
28494297,	196
28494296,	0
28494293,	0
28494292,	0
28494291,	0
28494289,	0
28494288,	0
28494286,	0
28494284,	0
28494282,	0
