28513483,	0
28513482,	0
28513481,	0
28513478,	0
28513477,	0
28513476,	0
28513475,	0
28513474,	0
28513473,	0
28513472,	0
28513534,	0
28513533,	0
28513532,	0
28513531,	0
28513530,	0
28513529,	0
28513528,	0
28513525,	0
28513523,	0
28513520,	0
28513518,	0
28513517,	0
28513516,	0
28513515,	0
28513512,	0
28513511,	0
28513510,	0
28513509,	0
28513508,	0
28513507,	0
28513506,	0
28513505,	0
28513504,	0
28513567,	0
28513566,	0
28513565,	0
28513564,	0
28513562,	0
28513560,	0
28513559,	0
28513555,	0
28513553,	0
28513552,	0
28513551,	0
28513547,	0
28513545,	0
28513544,	0
28513543,	0
28513542,	0
28513541,	0
28513540,	0
28513538,	0
28513536,	0
28513599,	0
28513598,	0
28513596,	0
28513594,	0
28513593,	0
28513592,	0
28513589,	0
28513587,	0
28513583,	0
28513582,	0
28513580,	0
28513576,	0
28513575,	0
28513574,	0
28513572,	0
28513570,	0
28513569,	0
28513568,	0
28513631,	0
28513630,	0
28513629,	0
28513628,	0
28513627,	0
28513626,	0
