28525818,	0
28525817,	0
28525816,	0
28525815,	0
28525814,	0
28525813,	0
28525812,	0
28525811,	0
28525810,	0
28525809,	0
28525808,	0
28525807,	0
28525806,	0
28525805,	0
28525804,	0
28525803,	0
28525802,	0
28525801,	0
28525800,	0
28525799,	0
28525798,	0
28525797,	0
28525796,	0
28525795,	0
28525794,	0
28525793,	0
28525792,	0
28525919,	0
28525918,	0
28525917,	0
28525916,	0
28525915,	0
28525914,	0
28525913,	0
28525912,	0
28525911,	0
28525910,	0
28525909,	0
28525908,	0
28525907,	0
28525906,	0
28525905,	0
28525904,	0
28525903,	0
28525902,	0
28525901,	0
28525900,	0
28525899,	0
28525898,	0
28525897,	0
