28527125,	0
28527124,	0
28527123,	0
28527122,	0
28527121,	0
28527120,	0
28527119,	0
28527118,	0
28527117,	0
28527116,	0
28527115,	0
28527114,	0
28527113,	0
28527112,	0
28527111,	0
28527110,	0
28527109,	0
28527108,	0
28527107,	0
28527106,	0
28527105,	0
28527104,	0
28527151,	0
28527150,	0
28527149,	0
28527148,	0
28527147,	0
28527146,	0
28527145,	0
28527144,	0
28527143,	0
28527142,	0
28527141,	0
28527140,	0
28527139,	0
28527138,	0
28527137,	0
28527136,	0
28529439,	0
28529438,	0
28529437,	0
28529436,	0
28529435,	0
28529434,	0
28529433,	0
28529432,	0
28529431,	0
28529430,	0
28529429,	0
28529428,	0
28529427,	0
28529426,	0
28529425,	0
28529424,	0
28529423,	0
28529422,	0
28529421,	0
28529420,	0
28529419,	0
28529418,	0
28529417,	0
28529416,	0
28529415,	0
28529414,	0
28529413,	0
28529412,	0
28529411,	0
28529410,	0
28529409,	0
28529408,	0
28529455,	0
28529454,	0
28529453,	0
28529452,	0
28529451,	0
28529449,	0
28529447,	0
28529446,	0
28529445,	0
28529444,	0
28529443,	0
28529442,	0
28529441,	0
28529440,	0
28529503,	0
28529502,	0
28529501,	0
28529500,	0
28529499,	0
28529498,	0
28529497,	0
28529496,	0
28529495,	0
28529494,	0
28529493,	0
