28529554,	0
28529553,	0
28529552,	0
28529551,	0
28529550,	0
28529549,	0
28529548,	0
28529547,	0
28529546,	0
28529545,	0
28529544,	0
28529543,	0
28529542,	0
28529541,	0
28529540,	0
28529539,	0
28529538,	0
28529537,	0
28529536,	0
28529599,	0
28529598,	0
28529597,	0
28529596,	0
28529595,	0
28529594,	0
28529593,	0
28529592,	0
28529591,	0
28529590,	0
28529589,	0
28529588,	0
28529587,	0
28529586,	0
28529585,	0
28529584,	0
28529583,	0
28529582,	0
28529581,	0
28529580,	0
28529579,	0
28529578,	0
28529577,	0
28529576,	0
28529575,	0
28529574,	0
28529573,	0
28529572,	0
28529571,	0
28529570,	0
28529569,	0
28529568,	0
28529631,	0
28529630,	0
28529629,	0
28529628,	0
28529627,	0
28529626,	0
28529625,	0
28529624,	0
28529623,	0
