28534288,	0
28534277,	0
28534276,	0
28534319,	0
28534318,	0
28534437,	0
28534436,	0
28534526,	0
28534525,	0
28534524,	0
28534523,	0
28534522,	0
28534521,	0
28534520,	0
28534519,	0
28534518,	0
28534517,	0
28534516,	0
28534515,	0
28534514,	0
28534513,	196
28534512,	196
28534508,	0
28534507,	0
28534506,	0
28534505,	0
28534504,	0
28534503,	0
28534502,	0
28534501,	0
28534500,	0
28534499,	0
28534498,	0
28534497,	0
28534496,	0
28534558,	196
28534557,	0
28534556,	0
28534555,	0
28534554,	0
28534549,	0
28534546,	0
28534543,	0
28534542,	0
28534541,	0
28534540,	0
28534539,	0
28534538,	0
28534537,	0
28534536,	0
28534535,	0
28534534,	0
28534533,	0
28534532,	0
28534531,	0
28534530,	0
28534529,	0
28534528,	0
28534590,	0
28534589,	0
28534588,	0
28534587,	0
28534586,	0
28534585,	0
28534584,	0
28534583,	0
28534582,	0
28534581,	0
28534580,	0
28534579,	0
28534578,	0
28534577,	196
28534576,	196
28534572,	0
28534571,	0
28534570,	0
28534569,	0
28534568,	0
28534567,	0
28534566,	0
28534565,	0
28534564,	0
28534563,	0
28534562,	0
28534561,	0
28534560,	0
28534622,	0
28534621,	0
28534620,	0
28534619,	0
28534618,	0
28534617,	0
28534616,	0
28534615,	0
28534614,	0
28534612,	196
28534611,	0
28534610,	0
28534607,	0
28534606,	196
28534605,	0
28534604,	0
28534603,	0
28534602,	0
28534601,	0
28534600,	0
28534599,	0
28534598,	0
28534597,	0
28534596,	0
28534595,	0
28534594,	0
28534593,	0
28534592,	0
28534654,	0
28534651,	0
28534650,	0
28534649,	0
28534648,	0
28534641,	0
28534640,	0
28534636,	0
28534629,	0
28534628,	0
28534627,	196
28534626,	196
28534625,	0
28534624,	196
28534686,	0
28534685,	0
28534684,	0
28534683,	0
28534682,	0
28534674,	0
28534671,	0
28534670,	0
28534662,	0
28534661,	0
28534660,	0
28534659,	0
28534658,	0
28534657,	0
28534656,	0
28534718,	0
28534717,	0
28534716,	0
28534715,	0
28534714,	0
28534713,	0
28534712,	0
28534705,	0
28534704,	0
28534700,	0
28534693,	0
28534692,	0
28534691,	0
28534690,	0
28534689,	0
28534688,	0
28534750,	0
28534749,	0
28534748,	196
28534747,	0
