28537817,	196
28537816,	196
28537815,	0
28537813,	0
28537812,	0
28537811,	0
28537810,	0
28537809,	0
28537808,	0
28537807,	0
28537802,	0
28537801,	0
28537799,	0
28537796,	0
28537794,	0
28537793,	0
28537792,	0
28537854,	0
28537853,	0
28537852,	0
28537851,	0
28537842,	0
28537839,	0
28537838,	0
28537836,	0
28537835,	0
28537834,	0
28537832,	0
28537830,	0
28537829,	0
28537828,	0
28537827,	0
28537826,	0
28537824,	0
28537886,	0
28537885,	0
28537884,	0
28537872,	0
28537871,	0
28537902,	0
28537894,	0
28538030,	0
28538028,	0
28538027,	0
28538026,	0
28538024,	0
28538023,	0
28538022,	0
28538021,	0
28538020,	0
28538019,	0
28538018,	0
28538017,	0
28538016,	0
28538078,	0
28538077,	0
28538075,	0
28538074,	0
28538073,	0
28538072,	0
28538065,	0
28538064,	0
28538063,	0
28538052,	0
28538050,	0
28538049,	0
28538048,	0
28538110,	0
28538109,	0
28538108,	0
28538107,	0
28538098,	0
28538095,	0
28538094,	0
28538086,	0
28538085,	0
28538084,	0
28538083,	0
28538082,	0
28538080,	0
28538142,	0
28538141,	0
28538139,	0
28538138,	0
28538137,	0
28538136,	0
28538129,	0
28538128,	0
28538127,	0
28538116,	0
28538114,	0
28538113,	0
28538112,	0
28538171,	0
28538159,	0
28538158,	0
28538150,	0
28538149,	0
28538148,	0
28538147,	0
28538146,	0
28538144,	0
28538206,	0
