28539002,	0
28539001,	0
28539000,	0
28538993,	0
28538992,	0
28538991,	0
28538980,	0
28538979,	0
28538978,	0
28538977,	0
28538976,	0
28539038,	0
28539037,	0
28539036,	0
28539035,	0
28539034,	0
28539026,	0
28539023,	0
28539022,	0
28539014,	0
28539013,	0
28539012,	0
28539011,	0
28539010,	0
28539009,	0
28539008,	0
28539070,	0
28539069,	0
28539068,	0
28539067,	0
28539066,	0
28539065,	0
28539064,	0
28539057,	0
28539056,	0
28539055,	0
28539044,	0
28539043,	0
28539042,	0
28539041,	0
28539040,	0
28539102,	0
28539101,	0
28539100,	0
28539099,	0
28539098,	0
28539090,	0
28539087,	0
28539086,	0
28539078,	0
28539077,	0
28539076,	0
28539075,	0
28539074,	0
28539073,	0
28539072,	0
28539134,	0
28539133,	0
28539132,	0
28539131,	0
28539130,	0
28539129,	0
28539128,	0
28539127,	0
28539125,	0
28539124,	0
28539123,	0
28539122,	0
28539121,	0
28539120,	0
28539119,	0
28539115,	0
28539114,	0
28539113,	0
28539112,	0
28539111,	0
28539109,	0
28539108,	0
28539107,	0
28539106,	0
28539105,	0
28539104,	0
28539166,	0
28539165,	0
28539164,	0
28539163,	0
28539162,	0
28539161,	0
28539160,	0
28539159,	0
28539158,	0
28539157,	0
28539156,	0
28539154,	0
28539151,	0
28539150,	0
28539148,	0
28539147,	0
28539146,	0
28539144,	0
28539143,	0
28539142,	0
28539141,	0
28539140,	0
28539139,	0
28539138,	0
28539137,	0
28539136,	0
28539198,	0
28539197,	0
28539196,	0
28539195,	0
28539194,	0
28539193,	0
28539192,	0
28539191,	0
28539189,	0
28539188,	0
28539187,	0
28539186,	0
28539185,	0
28539184,	0
28539183,	0
28539179,	0
28539178,	0
28539177,	0
28539176,	0
28539175,	0
28539173,	0
28539172,	0
28539171,	0
28539170,	0
28539169,	0
28539168,	0
28539230,	0
28539229,	0
28539228,	0
28539227,	0
28539226,	0
28539218,	0
28539215,	0
28539214,	0
28539212,	0
28539211,	0
28539210,	0
28539208,	0
28539207,	0
28539206,	0
28539205,	0
28539204,	0
28539203,	0
28539202,	0
28539201,	0
28539200,	0
28539262,	0
28539261,	0
28539260,	0
28539259,	0
28539258,	0
28539257,	0
28539256,	0
28539249,	0
28539248,	0
