28611517,	0
28611515,	0
28611509,	0
28611508,	0
28611507,	0
28611504,	0
28611501,	0
28611499,	0
28611498,	0
28611497,	0
28611496,	0
28611494,	0
28611493,	196
28611492,	0
28611551,	0
28611548,	0
28611547,	0
28611546,	0
28611545,	0
28611544,	0
28611543,	0
28611541,	0
28611540,	0
28611538,	0
28611537,	0
28611535,	0
28611530,	0
28611529,	0
28611528,	0
28611527,	0
28611526,	0
28611525,	0
28611524,	0
28611523,	0
28611521,	0
28611583,	0
28611581,	0
28611580,	0
28611579,	0
28611578,	0
28611577,	0
28611576,	0
28611574,	0
28611573,	0
28611569,	0
28611567,	0
28611564,	0
28611563,	0
28611562,	0
28611561,	0
28611560,	0
28611559,	0
28611558,	0
28611557,	0
28611556,	0
28611615,	0
28611613,	0
28611612,	0
28611611,	0
28611609,	0
28611605,	0
28611603,	0
