28617192,	0
28617191,	0
28617189,	0
28617187,	0
28617185,	0
28617184,	0
28617247,	0
28617242,	0
28617241,	0
28617239,	0
28617237,	0
28617236,	0
28617233,	0
28617231,	0
28617230,	0
28617226,	0
28617221,	0
28617220,	0
28617274,	0
28617272,	0
28617269,	0
28617263,	0
28617258,	0
28617253,	0
28617251,	0
28617250,	0
28617249,	0
28617248,	0
28617311,	0
28617310,	0
28617305,	0
28617302,	0
28617293,	196
28617290,	0
28617288,	0
28617342,	0
28617328,	0
28617353,	0
28617347,	0
28617344,	0
28617437,	0
28617469,	0
28617468,	0
28617454,	0
28617501,	0
28617472,	0
28617533,	0
28617555,	0
28617552,	0
28617550,	0
28617536,	0
28617582,	0
28617578,	0
28617630,	0
28617629,	0
28617613,	0
28617662,	0
