28644802,	0
28644801,	0
28644862,	0
28644860,	0
28644858,	0
28644857,	0
28644853,	0
28644851,	0
28644850,	0
28644849,	0
28644846,	0
28644844,	0
28644842,	0
28644841,	0
28644838,	30
28644836,	30
28644834,	30
28644833,	30
28644891,	30
28644890,	30
28644889,	30
28644888,	30
28644884,	30
28644882,	30
28644881,	30
28644876,	30
28644874,	30
28644873,	30
28644867,	30
28644866,	30
28644865,	30
28644921,	30
28644914,	30
28644913,	30
28644906,	30
28644905,	30
28644904,	30
28644897,	30
28644896,	30
28644991,	30
28644988,	30
28644986,	30
28644984,	30
28644982,	30
28644981,	30
28644979,	30
28644977,	30
28644974,	30
28644971,	30
28644969,	30
28644967,	30
28644964,	30
28644962,	195
28645023,	31
28645021,	30
28645018,	30
28645017,	30
28645014,	30
28645008,	30
28645005,	30
28645002,	30
28645001,	30
28645000,	30
28644999,	30
28644997,	30
28644994,	30
28644993,	30
28644992,	30
28645054,	30
28645053,	30
28645052,	30
28645051,	30
28645050,	30
28645049,	30
28645048,	30
28645047,	30
28645046,	30
28645045,	30
28645044,	30
28645043,	30
28645042,	30
28645041,	30
28645039,	30
28645038,	30
28645037,	30
28645036,	30
28645035,	30
28645034,	30
28645033,	30
28645032,	30
28645030,	30
28645029,	30
28645028,	30
28645027,	30
28645026,	30
28645025,	30
28645086,	30
28645085,	30
28645084,	30
28645083,	30
28645082,	30
28645081,	30
28645078,	30
28645077,	30
28645076,	30
28645075,	30
28645074,	30
28645073,	30
28645072,	30
28645070,	30
28645069,	30
28645068,	30
28645067,	30
28645066,	30
28645065,	30
28645064,	30
28645062,	30
28645061,	30
28645060,	30
28645059,	30
28645058,	30
28645057,	30
28645056,	30
28645119,	30
28645118,	30
28645117,	30
28645116,	30
28645114,	30
28645112,	30
28645110,	30
28645109,	30
28645107,	30
28645105,	30
28645103,	30
28645099,	30
28645097,	30
28645095,	30
28645094,	30
28645093,	30
28645092,	30
28645090,	30
28645088,	30
28645151,	30
28645150,	30
28645148,	30
28645146,	30
28645145,	30
28645144,	30
28645143,	30
28645141,	30
28645139,	30
28645135,	30
28645134,	30
28645132,	30
28645130,	30
28645129,	30
28645128,	30
28645127,	30
28645126,	30
28645124,	30
28645122,	30
28645121,	30
28645120,	30
