28674460,	0
28674459,	0
28674458,	0
28674457,	0
28674456,	0
28674455,	0
28674454,	0
28674453,	0
28674452,	0
28674451,	0
28674450,	0
28674449,	0
28674448,	0
28674447,	0
28674446,	0
28674445,	0
28674444,	0
28674443,	0
28674442,	0
28674441,	0
28674440,	0
28674439,	0
28674438,	0
28674437,	0
28674436,	0
28674435,	0
28674434,	0
28674433,	0
28674432,	0
28674495,	0
28674494,	0
28674493,	0
28674492,	0
28674491,	0
28674490,	0
28674489,	0
28674488,	0
28674487,	0
28674486,	0
28674485,	0
28674484,	0
28674483,	0
28674482,	0
28674481,	0
28674480,	0
28674479,	0
28674478,	0
28674477,	0
28674476,	0
28674475,	0
28674474,	0
28674473,	0
28674472,	0
28674471,	0
28674470,	0
28674469,	0
28674468,	0
28674467,	0
28674466,	0
28674465,	0
28674464,	0
28674527,	0
28674526,	0
28674525,	0
28674524,	0
28674523,	0
28674522,	0
28674521,	0
28674520,	0
28674519,	0
28674518,	0
28674517,	0
28674516,	0
28674515,	0
28674514,	0
28674513,	0
28674512,	0
28674511,	0
28674510,	0
28674509,	0
28674508,	0
28674507,	0
28674506,	0
28674505,	0
28674504,	0
28674503,	0
28674502,	0
28674501,	0
28674500,	0
28674499,	0
28674498,	0
28674497,	0
28674496,	0
28674559,	0
28674558,	0
28674557,	0
28674556,	0
28674555,	0
28674554,	0
28674553,	0
28674552,	0
28674551,	0
28674550,	0
28674549,	0
28674548,	0
28674547,	0
28674546,	0
28674545,	0
28674544,	0
28674543,	0
28674542,	0
28674541,	0
28674540,	0
28674539,	0
28674538,	0
28674537,	0
28674536,	0
28674535,	0
28674534,	0
28674533,	0
28674532,	0
28674531,	0
28674530,	0
28674529,	0
28674528,	0
28674575,	0
28674574,	0
28674573,	0
28674572,	0
28674571,	0
28674570,	0
28674569,	0
28674568,	0
28674567,	0
28674566,	0
28674565,	0
28674564,	0
28674563,	0
28674562,	0
28674561,	0
28674560,	0
28674623,	0
28674622,	0
28674621,	0
28674620,	0
28674619,	0
28674618,	0
28674617,	0
28674616,	0
28674615,	0
28674614,	0
28674613,	0
28674612,	0
28674611,	0
28674610,	0
28674609,	0
28674608,	0
28674607,	0
28674606,	0
28674605,	0
28674604,	0
28674603,	0
28674602,	0
