28674601,	0
28674600,	0
28674599,	0
28674598,	0
28674597,	0
28674596,	0
28674595,	0
28674594,	0
28674593,	0
28674592,	0
28676879,	0
28676878,	0
28676877,	0
28676876,	0
28676875,	0
28676874,	0
28676873,	0
28676872,	0
28676871,	0
28676870,	0
28676869,	0
28676868,	0
28676867,	0
28676866,	0
28676865,	0
28676864,	0
28676959,	0
28676958,	0
28676957,	0
28676956,	0
28676955,	0
28676954,	0
28676953,	0
28676952,	0
28676951,	0
28676950,	0
28676949,	0
28676948,	0
28676947,	0
28676946,	0
28676945,	0
28676944,	0
28676943,	0
28676942,	0
28676941,	0
28676940,	0
28676939,	0
28676938,	0
28676937,	0
28676936,	0
28676935,	0
28676934,	0
28676933,	0
28676932,	0
28676931,	0
28676930,	0
28676929,	0
28676928,	0
28676975,	0
28676974,	0
28676973,	0
28676972,	0
28676971,	0
28676970,	0
28676969,	0
28676968,	0
28676967,	0
28676966,	0
28676965,	0
28676964,	0
28676963,	0
28676962,	0
28676961,	0
28676960,	0
28677023,	0
28677022,	0
28677021,	0
28677020,	0
28677019,	0
28677018,	0
28677017,	0
28677016,	0
28677015,	0
28677014,	0
28677013,	0
28677012,	0
28677011,	0
28677010,	169
28677009,	0
28677008,	0
28677007,	0
28677006,	0
28677005,	0
28677004,	0
28677003,	0
28677002,	0
28677001,	0
28677000,	0
28676999,	0
28676998,	0
28676997,	0
28676996,	0
28676995,	0
28676994,	0
28676993,	0
28676992,	0
28677087,	0
28677086,	0
28677085,	0
28677084,	0
28677083,	0
28677082,	0
28677081,	0
28677080,	0
28677079,	0
28677078,	0
28677077,	0
28677076,	0
28677075,	0
28677074,	0
28677073,	0
28677072,	0
28677071,	0
28677070,	0
28677069,	0
28677068,	0
28677067,	0
28677066,	0
28677065,	0
28677064,	0
28677063,	0
28677062,	0
28677061,	0
28677060,	0
28677059,	0
28677058,	0
28677057,	0
28677056,	0
28677119,	0
28677118,	0
28677117,	0
28677116,	0
28677115,	0
28677114,	0
28677113,	0
28677112,	0
28677111,	0
28677110,	0
28677109,	0
28677108,	0
28677107,	0
28677106,	0
28677105,	0
28677104,	0
28677103,	0
28677102,	0
28677101,	0
28677100,	0
28677099,	0
28677098,	0
28677097,	0
28677096,	0
28677095,	0
