28682618,	0
28682617,	0
28682616,	0
28682607,	0
28682605,	0
28682604,	0
28682597,	0
28682596,	0
28682595,	0
28682594,	0
28682593,	0
28682592,	0
28682654,	0
28682653,	0
28682652,	0
28682651,	0
28682642,	0
28682641,	0
28682640,	0
28682630,	0
28682629,	0
28682628,	0
28682627,	0
28682626,	0
28682625,	0
28682624,	0
28682686,	0
28682683,	0
28682682,	0
28682681,	0
28682680,	0
28682671,	0
28682669,	0
28682668,	0
28682660,	0
28682659,	0
28682658,	0
28682657,	0
28682656,	0
28682718,	0
28682717,	0
28682716,	0
28682715,	0
28682706,	0
28682705,	0
28682704,	0
28682694,	0
28682693,	0
28682692,	0
28682691,	0
28682689,	0
28682688,	0
28682750,	0
28682747,	0
28682746,	0
28682745,	0
28682744,	0
28682735,	0
28682733,	0
28682732,	0
28682723,	0
28682722,	0
28682721,	0
28682720,	0
28682782,	0
28682781,	0
28682780,	0
28682779,	0
28682770,	0
28682769,	0
28682768,	0
28682758,	0
28682757,	0
28682756,	0
28682755,	0
28682753,	0
28682752,	0
28682814,	0
28682811,	0
28682810,	0
28682809,	0
28682808,	0
28682799,	0
28682797,	0
28682796,	0
28682788,	0
28682787,	0
28682786,	0
28682785,	0
28682784,	0
28682846,	0
28682845,	0
28682844,	0
28682843,	0
28682834,	0
28682833,	0
28682832,	0
28682822,	0
28682821,	0
28682820,	0
28682819,	0
28682817,	0
28682816,	0
28683326,	0
28683323,	0
28683322,	0
28683321,	0
28683320,	0
28683311,	0
28683310,	0
28683308,	0
28683299,	0
28683298,	0
28683297,	0
28683296,	0
28683358,	0
28683357,	0
28683356,	0
28683355,	0
28683346,	0
28683345,	0
28683344,	0
28683334,	0
28683333,	0
28683332,	0
28683331,	0
28683329,	0
28683328,	0
28683390,	0
28683387,	0
28683386,	0
28683385,	0
28683384,	0
28683375,	0
28683373,	0
28683372,	0
28683363,	0
28683362,	0
28683361,	0
28683360,	0
28683422,	0
28683421,	0
28683420,	0
28683419,	0
28683410,	0
28683409,	0
28683408,	0
28683398,	0
28683397,	0
28683396,	0
28683395,	0
28683393,	0
28683392,	0
28685085,	0
28685071,	0
28685067,	0
28685066,	0
28685065,	0
28685064,	0
28685063,	0
28685061,	0
28685060,	0
28685058,	0
