28689924,	0
28689923,	0
28689922,	0
28689921,	0
28689920,	0
28690047,	0
28690046,	0
28690045,	196
28690044,	0
28690043,	0
28690042,	0
28690041,	0
28690040,	0
28690039,	0
28690038,	0
28690037,	196
28690036,	196
28690035,	0
28690034,	0
28690033,	0
28690032,	0
28690031,	0
28690030,	0
28690029,	0
28690028,	0
28690027,	0
28690026,	0
28690025,	0
28690024,	0
28690023,	0
28690022,	0
28690021,	0
28690020,	0
28690019,	0
28690018,	0
28690017,	0
28690016,	0
28690111,	0
28690110,	0
28690109,	0
28690108,	0
28690107,	0
28690106,	0
28690105,	0
28690104,	0
28690103,	0
28690102,	0
28690101,	0
28690100,	0
28690099,	0
28690098,	0
28690097,	0
28690096,	0
28690095,	0
28690094,	0
28690093,	0
28690092,	0
28690091,	0
28690090,	0
28690089,	0
28690088,	0
28690087,	0
28690086,	0
28690085,	0
28690084,	0
28690083,	0
28690082,	0
28690081,	0
28690080,	0
28690143,	0
28690142,	0
28690141,	0
28690140,	0
28690139,	0
28690138,	0
28690137,	0
28690136,	0
28690135,	0
28690134,	0
28690133,	0
28690132,	0
28690131,	0
28690130,	0
28690129,	0
28690128,	0
28690127,	0
28690126,	0
28690125,	0
28690124,	0
28690123,	0
28690122,	0
28690121,	0
28690120,	0
28690119,	0
28690118,	0
28690117,	0
28690116,	0
28690115,	0
28690114,	0
28690113,	0
28690112,	0
28690175,	0
28690174,	0
28690173,	0
28690172,	0
28690171,	0
28690170,	0
28690169,	0
28690168,	0
28690167,	0
28690166,	0
28690165,	0
28690164,	0
28690163,	0
28690162,	0
28690161,	0
28690160,	0
28690159,	0
28690158,	196
28690157,	0
28690156,	0
28690155,	0
28690154,	0
28690153,	0
28690152,	0
28690151,	0
28690150,	196
28690149,	0
28690148,	0
28690147,	0
28690146,	0
28690145,	0
28690144,	0
28690207,	0
28690206,	0
28690205,	0
28690204,	0
28690203,	0
28690202,	0
28690201,	0
28690200,	0
28690199,	0
28690198,	0
28690197,	0
28690196,	0
28690195,	0
28690194,	0
28690193,	0
28690192,	0
28690191,	0
28690190,	0
28690189,	0
28690188,	0
28690187,	196
28690186,	0
28690185,	0
28690184,	0
28690183,	0
28690182,	0
28690181,	0
28690180,	0
28690179,	0
28690178,	0
