28693404,	0
28693403,	0
28693402,	0
28693401,	0
28693400,	0
28693399,	0
28693398,	0
28693397,	0
28693396,	0
28693395,	0
28693394,	0
28693393,	0
28693392,	0
28693391,	0
28693390,	0
28693389,	0
28693388,	0
28693387,	0
28693386,	0
28693385,	0
28693384,	0
28693383,	0
28693382,	0
28693381,	0
28693380,	0
28693379,	0
28693378,	0
28693377,	0
28693376,	0
28693439,	0
28693438,	0
28693437,	0
28693436,	0
28693435,	0
28693434,	0
28693433,	0
28693432,	0
28693431,	0
28693430,	0
28693429,	0
28693428,	0
28693427,	0
28693426,	0
28693425,	0
28693424,	0
28693423,	0
28693422,	0
28693421,	0
28693420,	0
28693419,	0
28693418,	0
28693417,	0
28693416,	0
28693415,	0
28693414,	0
28693413,	0
28693412,	0
28693411,	0
28693410,	0
28693409,	0
28693408,	0
28693471,	0
28693470,	0
28693469,	0
28693468,	0
28693467,	0
28693466,	0
28693465,	0
28693464,	0
28693463,	0
28693462,	0
28693461,	0
28693460,	0
28693459,	0
28693458,	0
28693457,	0
28693456,	0
28693455,	0
28693454,	0
28693453,	0
28693452,	0
28693451,	0
28693450,	196
28693449,	0
28693448,	0
28693447,	0
28693446,	0
28693445,	0
28693444,	0
28693443,	0
28693442,	0
28693441,	0
28693440,	0
28693535,	0
28693534,	0
28693533,	0
28693532,	0
28693531,	0
28693530,	0
28693529,	0
28693528,	0
28693527,	0
28693526,	0
28693525,	0
28693524,	0
28693523,	0
28693522,	0
28693521,	0
28693520,	0
28693519,	0
28693518,	0
28693517,	0
28693516,	0
28693515,	0
28693514,	0
28693513,	0
28693512,	0
28693511,	0
28693510,	0
28693509,	0
28693508,	0
28693507,	0
28693506,	0
28693505,	0
28693504,	0
28693551,	0
28693550,	0
28693549,	0
28693548,	0
28693547,	0
28693546,	0
28693545,	0
28693544,	0
28693543,	0
28693542,	0
28693541,	0
28693540,	0
28693539,	0
28693538,	0
28693537,	0
28693536,	0
28693663,	0
28693662,	0
28693661,	0
28693660,	0
28693659,	0
28693658,	0
28693657,	0
28693656,	0
28693655,	0
28693654,	0
28693653,	0
28693652,	0
28693651,	0
28693650,	0
28693649,	0
28693648,	0
28693647,	0
28693646,	0
28693645,	0
28693644,	0
28693643,	0
28693642,	0
