28698239,	0
28698238,	0
28698237,	0
28698236,	0
28698235,	0
28698234,	0
28698233,	0
28698232,	0
28698231,	0
28698230,	0
28698229,	0
28698228,	0
28698227,	0
28698226,	0
28698225,	0
28698224,	0
28698223,	0
28698222,	0
28698221,	0
28698220,	0
28698219,	0
28698218,	0
28698217,	0
28698216,	0
28698215,	0
28698214,	0
28698213,	0
28698212,	0
28698211,	0
28698210,	0
28698209,	0
28698208,	0
28698303,	0
28698302,	0
28698301,	0
28698300,	0
28698299,	0
28698298,	0
28698297,	0
28698296,	0
28698295,	0
28698294,	0
28698293,	0
28698292,	0
28698291,	0
28698290,	0
28698289,	0
28698288,	0
28698287,	0
28698286,	0
28698285,	0
28698284,	0
28698283,	0
28698282,	0
28698281,	0
28698280,	0
28698279,	0
28698278,	0
28698277,	0
28698276,	0
28698275,	0
28698274,	0
28698273,	0
28698272,	0
28698335,	0
28698334,	0
28698333,	0
28698332,	0
28698331,	0
28698330,	0
28698329,	0
28698328,	0
28698327,	0
28698326,	0
28698325,	0
28698324,	0
28698323,	0
28698322,	0
28698321,	0
28698320,	0
28698319,	0
28698318,	0
28698317,	0
28698316,	0
28698315,	0
28698314,	0
28698313,	0
28698312,	0
28698311,	0
28698310,	0
28698309,	0
28698308,	0
28698307,	0
28698306,	0
28698305,	0
28698304,	0
28698367,	0
28698366,	0
28698365,	0
28698364,	0
28698363,	0
28698362,	0
28698361,	0
28698360,	0
28698359,	0
28698358,	0
28698357,	0
28698356,	0
28698355,	0
28698354,	0
28698353,	0
28698352,	0
28698351,	0
28698350,	0
28698349,	0
28698348,	0
28698347,	0
28698346,	0
28698345,	0
28698344,	0
28698343,	0
28698342,	0
28698341,	0
28698340,	0
28698339,	0
28698338,	0
28698337,	0
28698336,	0
28698399,	0
28698398,	0
28698397,	0
28698396,	0
28698395,	0
28698394,	0
28698393,	0
28698392,	0
28698391,	0
28698390,	0
28698389,	0
28698388,	0
28698387,	0
28698386,	0
28698385,	0
28698384,	0
28698383,	0
28698382,	0
28698381,	0
28698380,	0
28698379,	0
28698378,	0
28698377,	0
28698376,	0
28698375,	0
28698374,	0
28698373,	0
28698372,	0
28698371,	0
28698370,	0
28698369,	0
28698368,	0
28698431,	0
28698430,	0
28698429,	0
