28702694,	0
28702693,	0
28702692,	0
28702691,	0
28702690,	0
28702689,	0
28702688,	0
28702751,	0
28702750,	0
28702749,	0
28702748,	0
28702747,	0
28702746,	0
28702745,	0
28702744,	0
28702743,	0
28702742,	0
28702741,	0
28702740,	0
28702739,	0
28702738,	0
28702737,	0
28702736,	0
28702735,	0
28702734,	0
28702733,	0
28702732,	0
28702731,	0
28702730,	0
28702729,	0
28702728,	0
28702727,	0
28702726,	0
28702725,	0
28702724,	0
28702723,	0
28702722,	0
28702721,	0
28702720,	0
28702783,	0
28702782,	0
28702781,	0
28702780,	0
28702779,	0
28702778,	0
28702777,	0
28702776,	0
28702775,	0
28702774,	0
28702773,	0
28702772,	0
28702771,	0
28702770,	0
28702769,	0
28702768,	0
28702767,	0
28702766,	0
28702765,	0
28702764,	0
28702763,	0
28702762,	0
28702761,	0
28702760,	0
28702759,	0
28702758,	0
28702757,	0
28702756,	0
28702755,	0
28702754,	0
28702753,	0
28702752,	0
28702815,	0
28702814,	0
28702813,	0
28702812,	0
28702811,	0
28702810,	0
28702809,	0
28702808,	0
28702807,	0
28702806,	0
28702805,	0
28702804,	0
28702803,	0
28702802,	0
28702801,	0
28702800,	0
28702799,	0
28702798,	0
28702797,	0
28702796,	0
28702795,	0
28702794,	0
28702793,	0
28702792,	0
28702791,	0
28702790,	0
28702789,	0
28702788,	0
28702787,	0
28702786,	0
28702785,	0
28702784,	0
28702847,	0
28702846,	0
28702845,	0
28702844,	0
28702843,	0
28702842,	0
28702841,	0
28702840,	0
28702839,	0
28702838,	0
28702837,	0
28702836,	0
28702835,	0
28702834,	0
28702833,	0
28702832,	0
28702831,	0
28702830,	0
28702829,	0
28702828,	0
28702827,	0
28702826,	0
28702825,	0
28702824,	0
28702823,	0
28702822,	0
28702821,	0
28702820,	0
28702819,	0
28702818,	0
28702817,	0
28702816,	0
28702879,	0
28702878,	0
28702877,	0
28702876,	0
28702875,	0
28702874,	0
28702873,	0
28702872,	0
28702871,	0
28702870,	0
28702869,	0
28702868,	0
28702867,	0
28702866,	0
28702865,	0
28702864,	0
28702863,	0
28702862,	0
28702861,	0
28702860,	0
28702859,	0
28702858,	0
28702857,	0
28702856,	0
28702855,	0
28702854,	0
28702853,	0
28702852,	0
