28702851,	0
28702850,	0
28702849,	0
28702848,	0
28702911,	0
28702910,	0
28702909,	0
28702908,	0
28702907,	0
28702906,	0
28702905,	0
28702904,	0
28702903,	0
28702902,	0
28702901,	0
28702900,	0
28702899,	0
28702898,	0
28702897,	0
28702896,	0
28702895,	0
28702894,	0
28702893,	0
28702892,	0
28702891,	0
28702890,	0
28702889,	0
28702888,	0
28702887,	0
28702886,	0
28702885,	0
28702884,	0
28702883,	0
28702882,	0
28702881,	0
28702880,	0
28702943,	0
28702942,	0
28702941,	0
28702940,	0
28702939,	0
28702938,	0
28702937,	0
28702936,	0
28702935,	0
28702934,	0
28702933,	0
28702932,	0
28702931,	0
28702930,	0
28702929,	0
28702928,	0
28702927,	0
28702926,	0
28702925,	0
28702924,	0
28702923,	0
28702922,	0
28702921,	0
28702920,	0
28702919,	0
28702918,	0
28702917,	0
28702916,	0
28702915,	0
28702914,	0
28702913,	0
28702912,	0
28702975,	0
28702974,	0
28702973,	0
28702972,	0
28702971,	0
28702970,	0
28702969,	0
28702968,	0
28702967,	0
28702966,	0
28702965,	0
28702964,	0
28702963,	0
28702962,	0
28702961,	0
28702960,	0
28702959,	0
28702958,	0
28702957,	0
28702956,	0
28702955,	0
28702954,	0
28702953,	0
28702952,	0
28702951,	0
28702950,	0
28702949,	0
28702948,	0
28702947,	0
28702946,	0
28702945,	0
28702944,	0
28703007,	0
28703006,	0
28703005,	0
28703004,	0
28703003,	0
28703002,	0
28703001,	0
28703000,	0
28702999,	0
28702998,	0
28702997,	0
28702996,	0
28702995,	0
28702994,	0
28702993,	0
28702992,	0
28702991,	0
28702990,	0
28702989,	0
28702988,	0
28702987,	0
28702986,	0
28702985,	0
28702984,	0
28702983,	0
28702982,	0
28702981,	0
28702980,	0
28702979,	0
28702978,	0
28702977,	0
28702976,	0
28703039,	0
28703038,	0
28703037,	0
28703036,	0
28703035,	0
28703034,	0
28703033,	0
28703032,	0
28703031,	0
28703030,	0
28703029,	0
28703028,	0
28703027,	0
28703026,	0
28703025,	0
28703024,	0
28703023,	0
28703022,	0
28703021,	0
28703020,	0
28703019,	0
28703018,	0
28703017,	0
28703016,	0
28703015,	0
28703014,	0
28703013,	0
28703012,	0
28703011,	0
28703010,	0
28703009,	0
28703008,	0
