28711034,	0
28711033,	0
28711032,	0
28711031,	0
28711030,	0
28711029,	0
28711028,	0
28711025,	0
28711021,	0
28711067,	0
28711059,	0
28711051,	0
28711047,	0
28711043,	0
28711103,	0
28711101,	0
28711100,	0
28711099,	0
28711098,	0
28711097,	0
28711096,	0
28711095,	0
28711094,	0
28711093,	0
28711092,	0
28711089,	0
28711085,	0
28711131,	0
28711123,	0
28711115,	0
28711113,	0
28711111,	0
28711108,	0
28711107,	0
28711106,	0
28711104,	0
28711167,	0
28711165,	0
28711164,	0
28711163,	0
28711162,	0
28711161,	0
28711160,	0
28711159,	0
28711158,	0
28711157,	0
28711156,	0
28711195,	0
28711187,	0
28711179,	0
28711175,	0
28711171,	0
28711231,	0
