28735938,	0
28735936,	0
28735998,	0
28735996,	0
28735994,	0
28735992,	0
28735990,	0
28735988,	0
28735986,	0
28735984,	0
28735983,	0
28735982,	0
28735981,	0
28735976,	0
28735972,	0
28735970,	0
28735968,	0
28736030,	0
28736026,	0
28736024,	0
28736020,	0
28736018,	0
28736016,	0
28736011,	0
28736010,	0
28736008,	0
28736006,	0
28736004,	0
28736000,	0
28736062,	0
28736060,	0
28736058,	0
28736050,	0
28736046,	0
28736042,	0
28736036,	196
28736034,	0
28736032,	0
28736094,	0
28736088,	0
28736084,	0
28736079,	0
28736077,	0
28736076,	0
28736075,	0
28736127,	0
28736108,	0
28736159,	0
28736143,	0
28736189,	0
28736241,	0
28736271,	0
28736305,	0
28736335,	0
28736354,	196
28736445,	0
28736433,	0
28736477,	0
28736463,	0
28736449,	0
28736511,	0
28736481,	0
28736543,	0
28736527,	0
28736569,	0
28736561,	0
28736605,	0
28736598,	0
28736593,	0
28736577,	0
28736576,	0
28736637,	0
