28738406,	0
28738401,	0
28738400,	0
28738463,	0
28738462,	0
28738457,	0
28738456,	0
28738455,	0
28738454,	0
28738449,	0
28738448,	0
28738447,	0
28738446,	0
28738443,	0
28738442,	0
28738441,	0
28738440,	0
28738439,	0
28738438,	0
28738437,	0
28738436,	0
28738493,	0
28738492,	0
28738489,	0
28738488,	0
28738487,	0
28738486,	0
28738485,	0
28738484,	0
28738483,	0
28738482,	0
28738479,	0
28738478,	0
28738473,	0
28738472,	0
28738471,	0
28738470,	0
28738469,	0
28738468,	0
28738465,	0
28738464,	0
28738521,	0
28738520,	0
28738519,	0
28738518,	0
28738517,	0
28738516,	0
28738515,	0
28738514,	0
28738507,	0
28738506,	0
28738505,	0
28738504,	0
28738503,	0
28738502,	0
28738501,	0
28738500,	0
28738497,	0
28738496,	0
28738559,	0
28738558,	0
28738553,	0
28738552,	0
28738549,	0
28738548,	0
28738545,	0
28738544,	0
28738541,	0
28738540,	0
28738537,	0
28738536,	0
28738533,	0
28738532,	0
28738587,	0
28738586,	0
28738585,	0
28738584,	0
28738583,	0
28738582,	0
28738581,	0
28738580,	0
28738577,	0
28738576,	0
28738569,	0
28738568,	0
28738567,	0
28738566,	0
28738565,	0
28738564,	0
28738563,	0
28738562,	0
28738619,	0
28738618,	0
28738617,	0
28738616,	0
28738615,	0
28738614,	0
28738613,	0
28738612,	0
28738611,	0
28738610,	0
28738605,	0
28738604,	0
28738603,	0
28738602,	0
28738601,	0
28738600,	0
28738597,	0
28738596,	0
28738595,	0
28738594,	0
28738651,	0
28738650,	0
28738649,	0
28738648,	0
28738647,	0
28738646,	0
28738643,	0
28738642,	0
28738633,	0
28738632,	0
28738631,	0
28738630,	0
28738625,	0
28738624,	0
28738681,	0
28738680,	0
28738677,	0
28738676,	0
28738665,	0
28738664,	0
28738659,	0
28738658,	0
28738717,	0
28738716,	0
28738711,	196
28738710,	196
28738709,	0
28738708,	0
28738705,	0
28738704,	0
28738703,	0
28738702,	0
28738699,	0
28738697,	0
28738696,	0
28738695,	0
