28748298,	0
28748297,	0
28748296,	0
28748295,	0
28748293,	0
28748292,	0
28748289,	0
28748288,	0
28748351,	0
28748349,	0
28748347,	0
28748339,	0
28748336,	0
28748335,	0
28748332,	0
28748331,	0
28748330,	0
28748328,	0
28748325,	0
28748324,	0
28748323,	0
28748321,	0
28748320,	0
28748383,	0
28748382,	0
28748377,	0
28748376,	0
28748373,	0
28748366,	0
28748365,	0
28748360,	0
28748397,	0
28748590,	0
28748643,	196
28748802,	0
28748846,	0
28748834,	0
28748887,	0
28748866,	0
28748865,	0
28748926,	0
28748916,	0
28748914,	0
28748908,	0
28748957,	0
28748956,	0
28748955,	0
28748946,	0
28748944,	0
28748942,	0
28748930,	0
28748928,	0
28750301,	0
