28756426,	0
28756425,	0
28756423,	0
28756419,	0
28756418,	0
28756417,	0
28756479,	0
28756477,	0
28756476,	0
28756475,	0
28756474,	0
28756473,	0
28756471,	0
28756469,	0
28756467,	0
28756465,	0
28756464,	0
28756463,	0
28756462,	0
28756457,	0
28756454,	0
28756453,	0
28756451,	0
28756450,	0
28756449,	0
28756448,	0
28756511,	0
28756507,	0
28756506,	0
28756505,	0
28756504,	0
28756501,	0
28756499,	0
28756497,	0
28756496,	0
28756491,	0
28756490,	0
28756489,	0
28756488,	0
28756487,	0
28756485,	0
28756484,	0
28756481,	0
28756480,	0
28756543,	0
28756541,	0
28756539,	0
28756531,	0
28756528,	0
28756527,	0
28756524,	0
28756523,	0
28756522,	0
28756520,	0
28756517,	0
28756516,	0
28756515,	0
28756513,	0
28756512,	0
28756575,	0
28756574,	0
28756569,	0
28756568,	0
28756565,	0
28756558,	0
28756557,	0
28756552,	0
28756589,	0
28756782,	0
28756835,	0
28756994,	0
28757038,	0
28757026,	0
28757079,	0
28757058,	0
28757057,	0
28757118,	0
28757108,	0
28757106,	0
28757100,	0
28757149,	0
28757148,	0
28757147,	0
