28763159,	0
28763158,	0
28763157,	0
28763153,	0
28763148,	0
28763145,	0
28763144,	0
28763143,	0
28763142,	0
28763141,	0
28763139,	0
28763196,	0
28763195,	0
28763193,	0
28763192,	0
28763191,	0
28763189,	0
28763187,	0
28763181,	0
28763180,	0
28763179,	0
28763177,	0
28763176,	0
28763174,	0
28763173,	0
28763171,	0
28763228,	0
28763227,	0
28763225,	0
28763224,	0
28763223,	0
28763219,	0
28763210,	0
28763209,	0
28763208,	0
28763207,	0
28763201,	0
28763258,	0
28763257,	0
28763256,	0
28763253,	0
28763249,	0
28763241,	0
28763240,	0
28763235,	0
28763232,	0
28763293,	0
28763287,	0
28763286,	0
28763285,	0
28763284,	0
28763281,	0
28763279,	0
28763274,	0
28763273,	0
