28767416,	0
28767411,	0
28767409,	0
28767405,	0
28767403,	1
28767402,	0
28767401,	0
28767400,	0
28767399,	0
28767395,	0
28767394,	0
28767393,	0
28767454,	0
28767452,	0
28767450,	0
28767449,	0
28767447,	0
28767439,	0
28767438,	0
28767436,	0
28767434,	0
28767433,	0
28767429,	0
28767428,	0
28767425,	0
28767487,	0
28767486,	0
28767484,	0
28767483,	0
28767481,	0
28767479,	0
28767475,	56
28767474,	56
28767473,	56
28767471,	56
28767469,	56
28767468,	56
28767465,	56
28767459,	88
28767457,	88
28767518,	88
28767517,	88
28767516,	88
28767514,	88
28767513,	88
28767512,	88
28767509,	86
28767506,	88
28767505,	88
28767504,	88
28767502,	88
28767501,	88
28767500,	88
28767499,	88
28767497,	88
28767496,	88
28767495,	88
28767493,	88
28767551,	88
28767549,	88
28767548,	88
28767546,	88
28767545,	88
28767544,	88
28767539,	88
