28771365,	0
28771364,	0
28771363,	0
28771362,	0
28771361,	196
28771360,	0
28771423,	0
28771422,	0
28771421,	196
28771420,	0
28771418,	0
28771416,	0
28771415,	0
28771414,	0
28771413,	0
28771411,	0
28771409,	0
28771407,	0
28771403,	0
28771401,	0
28771400,	0
28771399,	0
28771398,	0
28771397,	0
28771396,	0
28771394,	0
28771392,	0
28771455,	0
28771454,	0
28771452,	0
28771450,	0
28771449,	0
28771447,	0
28771445,	0
28771443,	0
28771439,	0
28771438,	0
28771436,	0
28771434,	0
28771433,	0
28771432,	0
28771431,	0
28771430,	0
28771428,	0
28771426,	196
28771425,	196
28771424,	0
28771487,	0
28771486,	0
28771485,	0
28771484,	0
28771481,	0
28771480,	0
28771478,	0
28771477,	0
28771475,	0
28771474,	0
28771473,	0
28771471,	0
28771467,	0
28771466,	0
28771465,	0
28771463,	0
28771462,	0
28771461,	0
28771458,	0
