28775307,	0
28775305,	0
28775304,	0
28775302,	0
28775301,	0
28775300,	0
28775298,	0
28775359,	0
28775358,	0
28775356,	0
28775354,	0
28775353,	0
28775351,	0
28775349,	0
28775347,	0
28775343,	0
28775342,	0
28775340,	0
28775336,	0
28775334,	0
28775332,	0
28775330,	196
28775329,	196
28775328,	0
28775391,	0
28775390,	0
28775389,	196
28775388,	0
28775387,	0
28775386,	0
28775385,	0
28775384,	0
28775383,	0
28775382,	0
28775381,	0
28775380,	0
28775379,	0
28775378,	0
28775377,	0
28775375,	0
28775374,	0
28775373,	0
28775372,	0
28775371,	0
28775370,	0
28775369,	0
28775367,	0
28775366,	0
28775365,	0
28775364,	0
28775363,	0
28775362,	0
28775361,	0
28775422,	0
28775421,	0
28775420,	0
28775419,	0
28775418,	0
28775417,	0
28775416,	0
28775415,	0
28775414,	0
28775413,	0
28775412,	0
28775411,	0
28775410,	0
28775409,	0
28775408,	0
28775407,	0
28775406,	0
28775405,	0
28775404,	0
28775403,	0
28775402,	0
28775401,	0
28775400,	0
28775399,	0
28775398,	0
28775397,	0
28775396,	0
28775395,	0
28775394,	196
28775393,	196
28775392,	0
28775454,	0
28775453,	196
28775452,	0
28775451,	0
28775450,	0
28775449,	0
28775448,	0
28775447,	0
28775446,	0
28775445,	0
28775444,	0
28775443,	0
28775442,	0
28775441,	0
28775439,	0
28775438,	0
28775437,	0
28775436,	0
28775435,	0
28775434,	0
28775433,	0
28775430,	0
28775429,	0
28775428,	0
28775427,	0
28775426,	0
28775425,	0
28775487,	0
28775486,	0
28775485,	0
28775484,	0
28775483,	0
28775482,	0
28775481,	0
28775479,	0
28775478,	0
28775477,	0
28775476,	0
28775475,	0
28775474,	0
28775473,	0
28775471,	0
28775470,	0
28775469,	0
28775468,	0
28775467,	0
28775466,	0
28775465,	0
28775464,	0
28775463,	0
28775462,	0
28775461,	0
28775460,	0
28775459,	0
28775458,	196
28775457,	196
28775456,	0
28775519,	0
28775518,	0
28775517,	196
28775516,	0
28775514,	0
28775512,	0
28775511,	0
28775510,	0
28775509,	0
28775507,	0
28775505,	0
28775503,	0
28775499,	0
28775497,	0
28775496,	0
28775495,	0
28775494,	0
28775493,	0
28775492,	0
28775490,	0
28775488,	0
