28775551,	0
28775550,	0
28775548,	0
28775546,	0
28775545,	0
28775543,	0
28775541,	0
28775539,	0
28775535,	0
28775534,	0
28775532,	0
28775530,	0
28775529,	0
28775528,	0
28775527,	0
28775526,	0
28775524,	0
28775522,	196
28775521,	196
28775520,	0
28775583,	0
28775582,	0
28775581,	0
28775580,	0
28775577,	0
28775576,	0
28775574,	0
28775573,	0
28775571,	0
28775570,	0
28775569,	0
28775567,	0
28775563,	0
28775562,	0
28775561,	0
28775559,	0
28775558,	0
28775557,	0
28775554,	0
28775553,	0
28775615,	0
28775612,	0
28775607,	0
28775605,	0
28775601,	0
28775596,	0
28775594,	0
