28775943,	0
28775942,	0
28775941,	0
28775940,	0
28775939,	0
28775938,	0
28775937,	0
28775999,	0
28775998,	0
28775997,	0
28775996,	0
28775995,	0
28775994,	0
28775993,	0
28775992,	0
28775990,	0
28775989,	0
28775988,	0
28775987,	0
28775986,	0
28775985,	0
28775983,	0
28775982,	0
28775981,	0
28775980,	0
28775979,	0
28775978,	0
28775977,	0
28775976,	0
28775975,	0
28775974,	0
28775973,	0
28775972,	0
28775971,	0
28775970,	0
28775969,	0
28775968,	0
28776063,	0
28776062,	0
28776061,	0
28776060,	0
28776059,	0
28776058,	0
28776057,	0
28776056,	0
28776054,	0
28776053,	0
28776052,	0
28776051,	0
28776050,	0
28776049,	0
28776046,	0
28776045,	0
28776044,	0
28776043,	0
28776042,	0
28776041,	0
28776039,	0
28776038,	0
28776037,	0
28776036,	0
28776035,	0
28776034,	0
28776033,	0
28776094,	0
28776093,	0
28776092,	0
28776091,	0
28776090,	0
28776089,	0
28776088,	0
28776086,	0
28776085,	0
28776084,	0
28776083,	0
28776082,	0
28776081,	0
28776080,	0
28776078,	0
28776077,	0
28776076,	0
28776075,	0
28776074,	0
28776073,	0
28776072,	0
28776070,	0
28776069,	0
28776068,	0
28776067,	0
28776066,	0
28776065,	0
28776064,	0
28776127,	0
28776126,	0
28776125,	0
28776124,	0
28776122,	0
28776120,	0
28776118,	0
28776117,	0
28776115,	0
28776113,	0
28776112,	0
28776107,	0
28776105,	0
28776103,	0
28776102,	0
28776101,	0
28776100,	0
28776098,	0
28776159,	0
28776158,	0
28776156,	0
28776154,	0
28776153,	0
28776152,	0
28776149,	0
28776147,	0
28776144,	0
28776142,	0
28776140,	0
28776138,	0
28776137,	0
28776136,	0
28776135,	0
28776134,	0
28776132,	0
28776130,	0
28776129,	0
28776128,	0
28776190,	0
28776189,	0
28776188,	0
28776187,	0
28776186,	0
28776185,	0
28776184,	0
28776181,	0
28776180,	0
28776179,	0
28776178,	0
28776177,	0
28776174,	0
28776173,	0
28776172,	0
28776171,	0
28776170,	0
28776169,	0
28776167,	0
28776166,	0
28776165,	0
28776164,	0
28776163,	0
28776162,	0
28776161,	0
28776222,	0
28776221,	0
28776220,	0
28776219,	0
28776218,	0
28776217,	0
28776214,	196
28776213,	0
28776212,	0
