28776211,	0
28776210,	0
28776209,	0
28776208,	0
28776207,	0
28776206,	0
28776205,	0
28776204,	0
28776203,	0
28776202,	0
28776201,	0
28776200,	0
28776199,	0
28776198,	0
28776197,	196
28776196,	0
28776195,	0
28776194,	0
28776193,	0
28776192,	0
28776254,	0
28776253,	0
28776252,	0
28776251,	0
28776250,	0
28776249,	0
28776248,	0
28776246,	0
28776245,	0
28776244,	0
28776243,	0
28776242,	0
28776241,	0
28776238,	0
28776237,	0
28776236,	0
28776235,	0
28776234,	0
28776233,	0
28776230,	0
28776229,	0
28776228,	0
28776227,	0
28776226,	0
28776225,	0
28776286,	0
28776285,	0
28776284,	0
28776283,	0
28776282,	0
28776281,	0
28776279,	0
28776278,	0
28776277,	0
28776276,	0
28776275,	0
28776274,	0
28776273,	0
28776271,	0
28776270,	0
28776269,	0
28776268,	0
28776267,	0
28776266,	0
28776265,	0
28776264,	0
28776263,	0
28776262,	0
28776261,	0
28776260,	0
28776259,	0
28776258,	0
28776257,	0
28776256,	0
28776318,	0
28776317,	0
28776316,	0
28776315,	0
28776314,	0
28776313,	0
28776312,	0
28776311,	0
28776310,	0
28776309,	0
28776308,	0
28776307,	0
28776306,	0
28776305,	0
28776304,	0
28776302,	0
28776301,	0
28776300,	0
28776299,	0
28776298,	0
28776297,	0
28776296,	0
28776295,	56
