28791635,	0
28791634,	0
28791633,	0
28791632,	0
28791631,	0
28791630,	0
28791629,	0
28791628,	0
28791627,	0
28791626,	0
28791625,	0
28791623,	0
28791622,	0
28791621,	0
28791620,	0
28791619,	0
28791618,	0
28791617,	0
28791679,	0
28791678,	0
28791677,	0
28791676,	0
28791675,	0
28791674,	0
28791673,	0
28791671,	0
28791670,	0
28791669,	0
28791668,	0
28791667,	0
28791666,	0
28791665,	0
28791663,	0
28791662,	0
28791661,	0
28791660,	0
28791659,	0
28791658,	0
28791657,	0
28791656,	0
28791654,	0
28791653,	0
28791652,	0
28791651,	0
28791650,	196
28791649,	196
28791648,	0
28791710,	196
28791709,	196
28791708,	0
28791706,	0
28791703,	0
28791699,	0
28791697,	0
28791695,	0
28791691,	0
28791689,	0
28791688,	0
28791686,	0
28791685,	0
28791684,	0
28791682,	0
28791681,	0
28791743,	0
28791742,	0
28791740,	0
28791738,	0
28791737,	0
28791735,	0
28791733,	0
28791731,	0
28791727,	0
28791726,	0
28791724,	0
28791720,	0
28791718,	0
28791716,	0
28791714,	196
28791713,	196
28791712,	0
28791775,	0
28791774,	144
28791773,	196
28791772,	0
28791771,	0
28791770,	0
28791769,	0
28791768,	196
28791767,	0
28791766,	0
28791765,	0
28791764,	0
28791763,	0
28791762,	0
28791761,	0
28791759,	0
28791758,	0
28791757,	0
28791756,	0
28791755,	0
28791754,	0
28791753,	0
28791751,	0
28791750,	0
28791749,	0
28791748,	0
28791747,	0
28791746,	0
28791745,	0
28791806,	0
28791805,	0
28791804,	0
28791803,	0
28791802,	0
28791801,	0
28791800,	0
28791799,	0
28791798,	0
28791797,	0
28791796,	0
28791795,	0
28791794,	0
28791793,	0
28791792,	0
28791791,	0
28791790,	0
28791789,	0
28791788,	0
28791787,	0
28791786,	0
28791785,	196
28791784,	0
28791783,	0
28791782,	0
28791781,	0
28791780,	0
28791779,	0
28791778,	196
28791777,	196
28791776,	0
28791838,	196
28791837,	196
28791836,	0
28791835,	0
28791834,	0
28791833,	0
28791832,	0
28791831,	0
28791830,	0
28791829,	0
28791828,	0
28791827,	0
28791826,	0
28791825,	0
28791823,	0
28791822,	0
28791821,	0
28791820,	0
28791819,	0
28791818,	0
28791817,	0
28791814,	0
28791813,	0
