28792484,	0
28792482,	0
28792543,	0
28792542,	0
28792540,	0
28792538,	0
28792537,	0
28792536,	0
28792533,	0
28792531,	0
28792528,	0
28792526,	0
28792524,	0
28792522,	0
28792521,	0
28792520,	0
28792519,	0
28792518,	0
28792516,	0
28792514,	0
28792513,	0
28792512,	0
28792574,	0
28792573,	0
28792572,	0
28792571,	0
28792570,	0
28792569,	0
28792568,	0
28792565,	0
28792564,	0
28792563,	0
28792562,	0
28792561,	0
28792558,	0
28792557,	0
28792556,	0
28792555,	0
28792554,	0
28792553,	0
28792551,	0
28792550,	0
28792549,	0
28792548,	0
28792547,	0
28792546,	0
28792545,	0
28792606,	0
28792605,	0
28792604,	0
28792603,	0
28792602,	0
28792601,	0
28792598,	0
28792597,	0
28792596,	0
28792595,	0
28792594,	0
28792593,	0
28792592,	0
28792591,	0
28792590,	0
28792589,	0
28792588,	0
28792587,	0
28792586,	0
28792585,	0
28792584,	0
28792583,	0
28792582,	0
28792581,	0
28792580,	0
28792579,	0
28792578,	0
28792577,	0
28792576,	0
28792638,	0
28792637,	0
28792636,	0
28792635,	0
28792634,	0
28792633,	0
28792632,	0
28792630,	0
28792629,	0
28792628,	0
28792627,	0
28792626,	0
28792625,	0
28792622,	0
28792621,	0
28792620,	0
28792619,	0
28792618,	0
28792617,	0
28792614,	0
28792613,	0
28792612,	0
28792611,	0
28792610,	0
28792609,	0
28792670,	0
28792669,	0
28792668,	0
28792667,	0
28792666,	0
28792665,	0
28792663,	0
28792662,	0
28792661,	0
28792660,	0
28792659,	0
28792658,	0
28792657,	0
28792655,	0
28792654,	0
28792653,	0
28792652,	0
28792651,	0
28792650,	0
28792649,	0
28792648,	0
28792647,	0
28792646,	0
28792645,	0
28792644,	0
28792643,	0
28792642,	0
28792641,	0
28792640,	0
28792702,	0
28792701,	0
28792700,	0
28792699,	0
28792698,	0
28792697,	0
28792696,	0
28792695,	0
28792694,	0
28792693,	0
28792692,	0
28792691,	0
28792690,	0
28792689,	0
28792688,	0
28792686,	0
28792685,	0
28792684,	0
28792683,	0
28792682,	0
28792681,	0
28792680,	0
28792679,	56
