28809659,	0
28809658,	0
28809657,	0
28809656,	0
28809654,	0
28809653,	0
28809652,	0
28809651,	0
28809650,	0
28809649,	0
28809648,	0
28809645,	0
28809644,	0
28809643,	0
28809642,	0
28809641,	0
28809640,	0
28809639,	0
28809638,	0
28809637,	0
28809636,	0
28809635,	0
28809634,	0
28809633,	0
28809632,	0
28809694,	0
28809693,	0
28809692,	0
28809691,	0
28809690,	0
28809689,	0
28809688,	0
28809687,	0
28809686,	0
28809685,	0
28809684,	0
28809683,	0
28809682,	0
28809681,	0
28809680,	0
28809679,	0
28809678,	0
28809677,	0
28809676,	0
28809675,	0
28809674,	0
28809673,	0
28809672,	0
28809670,	0
28809668,	0
28809667,	0
28809666,	0
28809665,	0
28809664,	0
28809726,	0
28809725,	0
28809724,	0
28809722,	0
28809721,	0
28809720,	0
28809719,	0
28809717,	0
28809716,	0
28809715,	0
28809714,	0
28809713,	0
28809712,	0
28809711,	0
28809708,	0
28809707,	0
28809706,	0
28809705,	0
28809704,	0
28809702,	0
28809701,	0
28809700,	0
28809698,	0
28809697,	0
28809696,	0
28809758,	0
28809756,	0
28809755,	0
28809754,	0
28809753,	0
28809752,	0
28809749,	0
28809748,	0
28809747,	0
28809746,	0
28809745,	0
28809744,	0
28809742,	0
28809740,	0
28809738,	0
28809737,	0
28809736,	0
28809734,	0
28809732,	0
28809731,	0
28809730,	0
28809729,	0
28809728,	0
28809786,	0
28809785,	0
28809784,	0
28809778,	0
28809777,	0
28809775,	0
28809770,	0
28809769,	0
28809767,	0
28809762,	0
28809761,	0
28809817,	0
28809809,	0
28809808,	0
28809801,	0
28809793,	0
28809792,	0
28810391,	0
28811983,	0
28811982,	0
28811981,	0
28811980,	0
28811979,	0
28811978,	0
28811977,	0
28811976,	0
28811975,	0
28811974,	0
28811973,	0
28811972,	0
28811971,	0
28811970,	0
28811969,	0
28811968,	0
28812063,	0
28812062,	0
28812061,	0
28812060,	0
28812059,	0
28812058,	0
28812057,	0
28812056,	0
28812055,	0
28812053,	0
28812051,	0
28812049,	0
28812047,	0
28812046,	0
28812045,	0
28812044,	0
28812043,	0
28812042,	0
28812041,	0
28812039,	0
28812038,	0
28812037,	0
