28812429,	0
28812428,	0
28812427,	0
28812426,	0
28812425,	0
28812424,	0
28812423,	0
28812422,	0
28812421,	0
28812420,	0
28812419,	0
28812418,	0
28812417,	0
28812416,	0
28812479,	0
28812478,	0
28812477,	0
28812476,	0
28812475,	0
28812474,	0
28812473,	0
28812472,	0
28812471,	0
28812470,	0
28812469,	0
28812468,	0
28812467,	0
28812466,	0
28812465,	0
28812464,	0
28812463,	0
28812462,	0
28812461,	0
28812460,	0
28812459,	0
28812458,	0
28812457,	0
28812456,	0
28812455,	0
28812454,	0
28812453,	0
28812452,	0
28812451,	0
28812450,	0
28812449,	0
28812448,	0
28812511,	0
28812510,	0
28812509,	0
28812508,	0
28812507,	0
28812506,	0
28812505,	0
28812504,	0
28812503,	0
28812502,	0
28812501,	0
28812500,	0
28812499,	0
28812498,	0
28812497,	0
28812496,	0
28812495,	0
28812494,	0
28812493,	0
28812492,	0
28812491,	0
28812490,	0
28812489,	0
28812488,	0
28812487,	0
28812486,	0
28812485,	0
28812484,	0
28812483,	0
28812482,	0
28812481,	0
28812480,	0
28812543,	0
28812542,	0
28812541,	0
28812540,	0
28812539,	0
28812538,	0
28812537,	0
28812536,	0
28812535,	0
28812534,	0
28812533,	0
28812532,	0
28812531,	0
28812530,	0
28812529,	0
28812528,	0
28812527,	0
28812526,	0
28812525,	0
28812524,	0
28812523,	0
28812522,	0
28812521,	0
28812520,	0
28812519,	0
28812518,	0
28812517,	0
28812516,	0
28812515,	0
28812514,	0
28812513,	0
28812512,	0
28812575,	0
28812574,	0
28812573,	0
28812572,	0
28812571,	0
28812570,	0
28812569,	0
28812568,	0
28812567,	0
28812566,	0
28812565,	0
28812564,	0
28812563,	0
28812562,	0
28812561,	0
28812560,	0
28812559,	0
28812558,	0
28812557,	0
28812556,	0
28812555,	0
28812554,	0
28812553,	0
28812552,	0
28812551,	0
28812550,	0
28812549,	0
28812548,	0
28812547,	0
28812546,	0
28812545,	0
28812544,	0
28812607,	0
28812606,	0
28812605,	0
28812604,	0
28812603,	0
28812602,	0
28812601,	0
28812600,	0
28812599,	0
28812598,	0
28812597,	0
28812596,	0
28812595,	0
28812594,	0
28812593,	0
28812592,	0
28812591,	0
28812590,	0
28812589,	0
28812588,	0
28812587,	0
