28813826,	0
28813825,	0
28813824,	0
28813871,	0
28813870,	0
28813869,	0
28813868,	0
28813867,	0
28813866,	0
28813865,	0
28813864,	0
28813863,	0
28813862,	0
28813861,	0
28813860,	0
28813859,	0
28813858,	0
28813857,	0
28813856,	0
28816079,	0
28816078,	0
28816077,	0
28816076,	0
28816075,	0
28816074,	0
28816073,	0
28816072,	0
28816071,	0
28816070,	0
28816069,	0
28816068,	0
28816067,	0
28816066,	0
28816065,	0
28816064,	0
28816151,	0
28816149,	0
28816147,	0
28816145,	0
28816143,	0
28816142,	0
28816141,	0
28816140,	0
28816139,	0
28816138,	0
28816137,	0
28816135,	0
28816134,	0
28816133,	0
28816132,	0
28816131,	0
28816129,	0
28816191,	0
28816190,	0
28816189,	0
28816188,	0
28816187,	0
28816186,	0
28816185,	0
28816184,	0
28816183,	0
28816182,	0
28816181,	0
28816180,	0
28816179,	0
28816178,	0
28816177,	0
28816175,	0
28816173,	0
28816171,	0
28816169,	0
28816167,	0
28816165,	0
28816163,	0
28816161,	0
28816223,	0
28816222,	0
28816221,	0
28816220,	0
28816219,	0
28816218,	0
28816217,	0
28816216,	0
28816215,	0
28816214,	0
28816213,	0
28816212,	0
28816211,	0
28816210,	0
28816209,	0
28816208,	0
28816207,	0
28816206,	0
28816205,	0
28816204,	0
28816203,	0
28816202,	0
28816201,	0
28816200,	0
28816199,	0
28816198,	0
28816197,	0
28816196,	0
28816195,	0
28816194,	0
28816193,	0
28816192,	0
28816255,	0
28816254,	0
28816253,	0
28816252,	0
28816251,	0
28816250,	0
28816249,	0
28816248,	0
28816247,	0
28816246,	0
28816245,	0
28816244,	0
28816243,	0
28816242,	0
28816241,	0
28816240,	0
28816239,	0
28816238,	0
28816237,	0
28816236,	0
28816235,	0
28816234,	0
28816233,	0
28816232,	0
28816231,	0
28816230,	0
28816229,	0
28816228,	0
28816227,	0
28816226,	0
28816225,	0
28816224,	0
28816271,	0
