28816270,	0
28816269,	0
28816268,	0
28816267,	0
28816266,	0
28816265,	0
28816264,	0
28816263,	0
28816262,	0
28816261,	0
28816260,	0
28816259,	0
28816258,	0
28816257,	0
28816256,	0
28816351,	0
28816350,	0
28816349,	0
28816348,	0
28816347,	0
28816346,	0
28816345,	0
28816344,	0
28816343,	0
28816342,	0
28816341,	0
28816340,	0
28816339,	0
28816338,	0
28816337,	0
28816336,	0
28816335,	0
28816334,	0
28816333,	0
28816332,	0
28816331,	0
28816330,	0
28816329,	0
28816328,	0
28816327,	0
28816326,	0
28816325,	0
28816324,	0
28816323,	0
28816322,	0
28816321,	0
28816320,	0
28816383,	0
28816382,	0
28816381,	0
28816380,	0
28816379,	0
28816378,	0
28816377,	0
28816376,	0
28816375,	0
28816374,	0
28816373,	0
28816372,	0
28816371,	0
28816370,	0
28816369,	0
28816368,	0
28816367,	0
28816366,	0
28816365,	0
28816364,	0
28816363,	0
28816362,	0
28816361,	0
28816360,	0
28816359,	0
28816358,	0
28816357,	0
28816356,	0
28816355,	0
28816354,	0
28816353,	0
28816352,	0
28816415,	0
28816414,	0
28816413,	0
28816412,	0
28816411,	0
28816410,	0
28816409,	0
28816408,	0
28816407,	0
28816406,	0
28816405,	0
28816404,	0
28816403,	0
28816402,	0
28816401,	0
28816400,	0
28816399,	0
28816398,	0
28816397,	0
28816396,	0
28816395,	0
28816394,	0
28816393,	0
28816392,	0
28816391,	0
28816390,	0
28816389,	0
28816388,	0
28816387,	0
28816386,	0
28816385,	0
28816384,	0
28816447,	0
28816446,	0
28816445,	0
28816444,	0
28816443,	0
28816442,	0
28816441,	0
28816440,	0
28816439,	0
28816438,	0
28816437,	0
28816436,	0
28816435,	0
28816434,	0
28816433,	0
28816432,	0
28816431,	0
28816430,	0
28816429,	0
28816428,	0
28816427,	0
28816426,	0
28816425,	0
28816424,	0
28816423,	0
28816422,	0
28816421,	0
28816420,	0
28816419,	0
28816418,	0
28816417,	0
28816416,	0
28816479,	0
28816478,	0
28816477,	0
28816476,	0
28816475,	0
28816474,	0
28816473,	0
28816472,	0
28816471,	0
28816470,	0
28816469,	0
28816468,	0
28816467,	0
28816466,	0
28816465,	0
28816464,	0
28816463,	0
28816462,	0
28816461,	0
28816460,	0
