28820316,	0
28820315,	0
28820314,	0
28820313,	0
28820312,	0
28820311,	0
28820310,	0
28820309,	0
28820308,	0
28820307,	0
28820306,	0
28820305,	0
28820304,	0
28820303,	0
28820302,	0
28820301,	0
28820300,	0
28820299,	0
28820298,	0
28820297,	0
28820296,	0
28820295,	0
28820294,	0
28820293,	0
28820292,	0
28820291,	0
28820290,	0
28820289,	0
28820288,	0
28820351,	0
28820350,	0
28820349,	0
28820348,	0
28820347,	0
28820346,	0
28820345,	0
28820344,	0
28820343,	0
28820342,	0
28820341,	0
28820340,	0
28820339,	0
28820338,	0
28820337,	0
28820336,	0
28820335,	0
28820334,	0
28820333,	0
28820332,	0
28820331,	0
28820330,	0
28820329,	0
28820328,	0
28820327,	0
28820326,	0
28820325,	0
28820324,	0
28820323,	0
28820322,	0
28820321,	0
28820320,	0
28820367,	0
28820366,	0
28820365,	0
28820364,	0
28820363,	0
28820362,	0
28820361,	0
28820360,	0
28820359,	0
28820358,	0
28820357,	0
28820356,	0
28820355,	0
28820353,	0
28820447,	0
28820446,	0
28820445,	0
28820444,	0
28820443,	0
28820442,	0
28820441,	0
28820440,	0
28820439,	0
28820438,	0
28820437,	0
28820436,	0
28820435,	0
28820434,	0
28820433,	0
28820432,	0
28820431,	0
28820430,	0
28820429,	0
28820428,	0
28820427,	0
28820426,	0
28820425,	0
28820424,	0
28820423,	0
28820422,	0
28820421,	0
28820420,	0
28820419,	0
28820418,	0
28820417,	0
28820416,	0
28820479,	0
28820478,	0
28820477,	0
28820476,	0
28820475,	0
28820474,	0
28820473,	0
28820472,	0
28820471,	0
28820470,	0
28820469,	0
28820468,	0
28820467,	0
28820466,	0
28820465,	0
28820464,	0
28820463,	0
28820462,	0
28820461,	0
28820460,	0
28820459,	0
28820458,	0
28820457,	0
28820456,	0
28820455,	0
28820454,	0
28820453,	0
28820452,	0
28820451,	0
28820450,	0
28820449,	0
28820448,	0
28820511,	0
28820510,	0
28820509,	0
28820508,	0
28820507,	0
28820506,	0
28820505,	0
28820504,	0
28820503,	0
28820502,	0
28820501,	0
28820500,	0
28820499,	0
28820498,	0
28820497,	0
28820496,	0
28820495,	0
28820494,	0
28820493,	0
28820492,	0
28820491,	0
28820490,	0
28820489,	0
