28824345,	196
28824343,	0
28824341,	0
28824339,	0
28824336,	0
28824335,	0
28824334,	0
28824333,	0
28824332,	0
28824331,	0
28824330,	0
28824329,	0
28824327,	0
28824326,	0
28824325,	0
28824324,	0
28824323,	0
28824321,	0
28824383,	0
28824382,	0
28824381,	0
28824380,	0
28824379,	0
28824378,	0
28824377,	0
28824376,	0
28824375,	0
28824374,	0
28824373,	0
28824372,	0
28824371,	0
28824370,	0
28824369,	0
28824368,	0
28824367,	0
28824365,	0
28824363,	0
28824361,	0
28824359,	0
28824357,	0
28824355,	0
28824353,	0
28824415,	0
28824414,	0
28824413,	0
28824412,	0
28824411,	0
28824410,	0
28824409,	0
28824408,	0
28824407,	0
28824406,	0
28824405,	0
28824404,	0
28824403,	0
28824402,	0
28824401,	0
28824400,	0
28824399,	0
28824398,	0
28824397,	0
28824396,	0
28824395,	0
28824394,	0
28824393,	0
28824392,	0
28824391,	0
28824390,	0
28824389,	0
28824388,	0
28824387,	0
28824386,	0
28824385,	0
28824384,	0
28824447,	0
28824446,	0
28824445,	0
28824444,	0
28824443,	0
28824442,	0
28824441,	0
28824440,	0
28824439,	0
28824438,	0
28824437,	0
28824436,	0
28824435,	0
28824434,	0
28824433,	0
28824432,	0
28824431,	0
28824430,	0
28824429,	0
28824428,	0
28824427,	0
28824426,	0
28824425,	0
28824424,	0
28824423,	0
28824422,	0
28824421,	0
28824420,	0
28824419,	0
28824418,	0
28824417,	0
28824416,	0
28824463,	0
28824462,	0
28824461,	0
28824460,	0
28824459,	0
28824458,	0
28824457,	0
28824456,	0
28824455,	0
28824454,	0
28824453,	0
28824452,	0
28824451,	0
28824450,	0
28824449,	0
28824448,	0
28824543,	0
28824542,	0
28824541,	0
28824540,	0
28824539,	0
28824538,	0
28824537,	0
28824536,	0
28824535,	0
28824534,	0
28824533,	0
28824532,	0
28824531,	0
28824530,	0
28824529,	0
28824528,	0
28824527,	0
28824526,	0
28824525,	0
28824524,	0
28824523,	0
28824522,	0
28824521,	0
28824520,	0
28824519,	0
