28824518,	0
28824517,	0
28824516,	0
28824515,	0
28824514,	0
28824513,	0
28824512,	0
28824575,	0
28824574,	0
28824573,	0
28824572,	0
28824571,	0
28824570,	0
28824569,	0
28824568,	0
28824567,	0
28824566,	0
28824565,	0
28824564,	0
28824563,	0
28824562,	0
28824561,	0
28824560,	0
28824559,	0
28824558,	0
28824557,	0
28824556,	0
28824555,	0
28824554,	0
28824553,	0
28824552,	0
28824551,	0
28824550,	0
28824549,	0
28824548,	0
28824547,	0
28824546,	0
28824545,	0
28824544,	0
28824607,	0
28824606,	0
28824605,	0
28824604,	0
28824603,	0
28824602,	0
28824601,	0
28824600,	0
28824599,	0
28824598,	0
28824597,	0
28824596,	0
28824595,	0
28824594,	0
28824593,	0
28824592,	0
28824591,	0
28824590,	0
28824589,	0
28824588,	0
28824587,	0
28824586,	0
28824585,	0
28824584,	0
28824583,	0
28824582,	0
28824581,	0
28824580,	0
28824579,	0
28824578,	0
28824577,	0
28824576,	0
28824639,	0
28824638,	0
28824637,	0
28824636,	0
28824635,	0
28824634,	0
28824633,	0
28824632,	0
28824631,	0
28824630,	0
28824629,	0
28824628,	0
28824627,	0
28824626,	0
28824625,	0
28824624,	0
28824623,	0
28824622,	0
28824621,	0
28824620,	0
28824619,	0
28824618,	0
28824617,	0
28824616,	0
28824615,	0
28824614,	0
28824613,	0
28824612,	0
28824611,	0
28824610,	0
28824609,	0
28824608,	0
28824671,	0
28824670,	0
28824669,	0
28824668,	0
28824667,	0
28824666,	0
28824665,	0
28824664,	0
28824663,	0
28824662,	0
28824661,	0
28824660,	0
28824659,	0
28824658,	0
28824657,	0
28824656,	0
28824655,	0
28824654,	0
28824653,	0
28824652,	0
28824651,	0
28824650,	0
28824649,	0
28824648,	0
28824647,	0
28824646,	0
28824645,	0
28824644,	0
28824643,	0
28824642,	0
28824641,	0
28824640,	0
28824703,	0
28824702,	0
28824701,	0
28824700,	0
28824699,	0
28824698,	0
28824697,	0
28824696,	0
28824695,	0
28824694,	0
28824693,	0
28824692,	0
28824691,	0
28824690,	0
28824689,	0
28824688,	0
28824687,	0
28824686,	0
28824685,	0
28824684,	0
28824683,	0
28824682,	0
28824681,	0
28824680,	0
28824679,	0
28824678,	0
28824677,	0
28824676,	0
28824675,	0
