28832812,	0
28832811,	0
28832810,	0
28832808,	0
28832807,	0
28832806,	0
28832805,	0
28832804,	0
28832803,	0
28832802,	0
28832800,	0
28832862,	0
28832861,	0
28832859,	0
28832858,	0
28832857,	0
28832856,	0
28832855,	0
28832853,	0
28832852,	0
28832851,	0
28832850,	0
28832849,	0
28832848,	0
28832847,	0
28832843,	0
28832842,	0
28832841,	0
28832840,	0
28832839,	0
28832837,	0
28832836,	0
28832834,	0
28832833,	0
28832832,	0
28832894,	0
28832893,	0
28832892,	0
28832891,	0
28832889,	0
28832888,	0
28832887,	0
28832886,	0
28832885,	0
28832884,	0
28832882,	0
28832879,	0
28832878,	0
28832876,	0
28832875,	0
28832874,	0
28832872,	0
28832871,	0
28832870,	0
28832869,	0
28832868,	0
28832867,	0
28832866,	0
28832864,	0
28832926,	0
28832925,	0
28832924,	0
28832923,	0
28832922,	0
28832921,	0
28832920,	0
28832919,	0
28832917,	0
28832916,	0
28832915,	0
28832914,	0
28832913,	0
28832912,	0
28832911,	0
28832907,	0
28832906,	0
28832905,	0
28832904,	0
28832903,	0
28832901,	0
28832900,	0
28832899,	0
28832898,	0
28832897,	0
28832942,	0
28832940,	0
28832939,	0
28832938,	0
28832936,	0
28832935,	0
28832934,	0
28832933,	0
28832932,	0
28832931,	0
28832930,	0
28832929,	0
