28841515,	0
28841514,	0
28841513,	0
28841512,	0
28841511,	0
28841510,	0
28841509,	0
28841508,	0
28841507,	0
28841506,	0
28841505,	0
28841504,	0
28841599,	0
28841598,	0
28841597,	0
28841596,	0
28841595,	0
28841594,	0
28841593,	0
28841592,	0
28841591,	0
28841590,	0
28841589,	0
28841588,	0
28841587,	0
28841586,	0
28841585,	0
28841584,	0
28841583,	0
28841582,	0
28841581,	0
28841580,	0
28841579,	0
28841578,	0
28841577,	0
28841576,	0
28841575,	0
28841574,	0
28841573,	0
28841572,	0
28841571,	0
28841570,	0
28841569,	0
28841568,	0
28841631,	0
28841630,	0
28841629,	0
28841628,	0
28841627,	0
28841626,	0
28841625,	0
28841624,	0
28841623,	0
28841622,	0
28841621,	0
28841620,	0
28841619,	0
28841618,	0
28841617,	0
28841616,	0
28841615,	0
28841614,	0
28841613,	0
28841612,	0
28841611,	0
28841610,	0
28841609,	0
28841608,	0
28841607,	0
28841606,	0
28841605,	0
28841604,	0
28841603,	0
28841602,	0
28841601,	0
28841600,	0
28841663,	0
28841662,	0
28841661,	0
28841660,	0
28841659,	0
28841658,	0
28841657,	0
28841656,	0
28841655,	0
28841654,	0
28841653,	0
28841652,	0
28841651,	0
28841650,	0
28841649,	0
28841648,	0
28841647,	0
28841646,	0
28841645,	0
28841644,	0
28841643,	0
28841642,	0
28841641,	0
28841640,	0
28841639,	0
28841638,	0
28841637,	0
28841636,	0
28841635,	0
28841634,	0
28841633,	0
28841632,	0
28841695,	0
28841694,	0
28841693,	0
28841692,	0
28841691,	0
28841690,	0
28841689,	0
28841688,	0
28841687,	0
28841686,	0
28841685,	0
28841684,	0
28841683,	0
28841682,	0
28841681,	0
28841680,	0
28841679,	0
28841678,	0
28841677,	0
28841676,	0
28841675,	0
28841674,	0
28841673,	0
28841672,	0
28841671,	0
28841670,	0
28841669,	0
28841668,	0
28841667,	0
28841666,	0
28841665,	0
28841664,	0
28841727,	0
28841726,	0
28841725,	0
28841724,	0
28841723,	0
28841722,	0
28841721,	0
28841720,	0
28841719,	0
28841718,	0
28841717,	0
28841716,	0
28841715,	0
28841714,	0
28841713,	0
28841712,	0
28841711,	0
28841710,	0
28841709,	0
28841708,	0
28841707,	0
28841706,	0
28841705,	0
