28845770,	0
28845769,	0
28845768,	0
28845767,	0
28845766,	0
28845765,	0
28845764,	0
28845763,	0
28845762,	0
28845761,	0
28845760,	0
28845823,	0
28845822,	0
28845821,	0
28845820,	0
28845819,	0
28845818,	0
28845817,	0
28845816,	0
28845815,	0
28845814,	0
28845813,	0
28845812,	0
28845811,	0
28845810,	0
28845809,	0
28845808,	0
28845807,	0
28845806,	0
28845805,	0
28845804,	0
28845803,	0
28845802,	0
28845801,	0
28845800,	0
28845799,	0
28845798,	0
28845797,	0
28845796,	0
28845795,	0
28845794,	0
28845793,	0
28845792,	0
28845855,	0
28845854,	0
28845853,	0
28845852,	0
28845851,	0
28845850,	0
28845849,	0
28845848,	0
28845847,	0
28845846,	0
28845845,	0
28845844,	0
28845843,	0
28845842,	0
28845841,	0
28845840,	0
28845839,	0
28845838,	0
28845837,	0
28845836,	0
28845835,	0
28845834,	0
28845833,	0
28845832,	0
28845831,	0
28845830,	0
28845829,	0
28845828,	0
28845827,	0
28845826,	0
28845825,	0
28845824,	0
28845887,	0
28845886,	0
28845885,	0
28845884,	0
28845883,	0
28845882,	0
28845881,	0
28845880,	0
28845879,	0
28845878,	0
28845877,	0
28845876,	0
28845875,	0
28845874,	0
28845873,	0
28845872,	0
28845871,	0
28845870,	0
28845869,	0
28845868,	0
28845867,	0
28845866,	0
28845865,	0
28845864,	0
28845863,	0
28845862,	0
28845861,	0
28845860,	0
28845859,	0
28845858,	0
28845857,	0
28845856,	0
28845919,	0
28845918,	0
28845917,	0
28845916,	0
28845915,	0
28845914,	0
28845913,	0
28845912,	0
28845911,	0
28845910,	0
28845909,	0
28845908,	0
28845907,	0
28845906,	0
28845905,	0
28845904,	0
28845903,	0
28845902,	0
28845901,	0
28845900,	0
28845899,	0
28845898,	0
28845897,	0
28845896,	0
28845895,	0
28845894,	0
28845893,	0
28845892,	0
28845891,	0
28845890,	0
28845889,	0
28845888,	0
28846079,	0
28846078,	0
28846077,	0
28846076,	0
