28849836,	0
28849835,	0
28849834,	0
28849833,	0
28849832,	0
28849831,	0
28849830,	0
28849829,	0
28849828,	0
28849827,	0
28849826,	0
28849825,	0
28849824,	0
28849887,	0
28849886,	0
28849885,	0
28849884,	0
28849883,	0
28849882,	0
28849881,	0
28849880,	0
28849879,	0
28849878,	0
28849877,	0
28849876,	0
28849875,	0
28849874,	0
28849873,	0
28849872,	0
28849871,	0
28849870,	0
28849869,	0
28849868,	0
28849867,	0
28849866,	0
28849865,	0
28849864,	0
28849863,	0
28849862,	0
28849861,	0
28849860,	0
28849859,	0
28849858,	0
28849857,	0
28849856,	0
28849919,	0
28849918,	0
28849917,	0
28849916,	0
28849915,	0
28849914,	0
28849913,	0
28849912,	0
28849911,	0
28849910,	0
28849909,	0
28849908,	0
28849907,	0
28849906,	0
28849905,	0
28849904,	0
28849903,	0
28849902,	0
28849901,	0
28849900,	0
28849899,	0
28849898,	0
28849897,	0
28849896,	0
28849895,	0
28849894,	0
28849893,	0
28849892,	0
28849891,	0
28849890,	0
28849889,	0
28849888,	0
28849951,	0
28849950,	0
28849949,	0
28849948,	0
28849947,	0
28849946,	0
28849945,	0
28849944,	0
28849943,	0
28849942,	0
28849941,	0
28849940,	0
28849939,	0
28849938,	0
28849937,	0
28849936,	0
28849935,	0
28849934,	0
28849933,	0
28849932,	0
28849931,	0
28849930,	0
28849929,	0
28849928,	0
28849927,	0
28849926,	0
28849925,	0
28849924,	0
28849923,	0
28849922,	0
28849921,	0
28849920,	0
28849983,	0
28849982,	0
28849981,	0
28849980,	0
28849979,	0
28849978,	0
28849977,	0
28849976,	0
28849975,	0
28849974,	0
28849973,	0
28849972,	0
28849971,	0
28849970,	0
28849969,	0
28849968,	0
28849967,	0
28849966,	0
28849965,	0
28849964,	0
28849963,	0
28849962,	0
28849961,	0
28849960,	0
28849959,	0
28849958,	0
28849957,	0
28849956,	0
28849955,	0
28849954,	0
28849953,	0
28849952,	0
28850015,	0
28850014,	0
28850013,	0
28850012,	0
28850011,	0
28850010,	0
28850009,	0
28850008,	0
28850007,	0
28850006,	0
28850005,	0
28850004,	0
28850003,	0
28850002,	0
28850001,	0
28850000,	0
28849999,	0
28849998,	0
28849997,	0
28849996,	0
28849995,	0
28849994,	0
