28858042,	0
28858041,	0
28858040,	0
28858038,	0
28858037,	0
28858036,	0
28858031,	0
28858019,	0
28858067,	0
28858055,	0
28858051,	0
28858111,	0
28858109,	0
28858108,	0
28858106,	0
28858105,	0
28858104,	0
28858102,	0
28858101,	0
28858100,	0
28858095,	0
28858083,	0
28858131,	0
28858119,	0
28858115,	0
28858175,	0
28858173,	0
28858172,	0
28858170,	0
28858169,	0
28858168,	0
28858166,	0
28858165,	0
28858164,	0
28858159,	0
28858147,	0
28858195,	0
28858183,	0
28858179,	0
28858239,	0
28858237,	0
28858236,	0
28858234,	0
28858233,	0
28858232,	0
28858230,	0
28858229,	0
28858228,	0
28858223,	0
28858211,	0
28858259,	0
28858247,	0
28858243,	0
28858303,	0
28858301,	0
28858300,	0
28858298,	0
28858297,	0
28858296,	0
28858294,	0
28858293,	0
28858292,	0
28858289,	0
28858287,	0
28858285,	0
28858275,	0
28858323,	0
28858311,	0
28858307,	0
28858367,	0
28858365,	0
28858364,	0
28858362,	0
28858361,	0
28858360,	0
28858358,	0
28858357,	0
28858356,	0
28858354,	0
28858353,	0
28858352,	0
28858350,	0
28858349,	0
28858348,	0
28858347,	0
28858346,	0
28858345,	0
28858387,	0
28858376,	0
28858375,	0
28858374,	0
28858373,	0
28858371,	0
28858369,	0
28858431,	0
28858429,	196
28858428,	0
28858426,	0
28858425,	196
28858424,	0
28858422,	0
28858421,	196
28858420,	0
28858415,	0
28858451,	0
28858439,	0
28858435,	0
28858495,	0
28858493,	0
28858492,	0
28858490,	0
28858489,	0
28858488,	0
28858486,	0
28858485,	0
28858484,	0
28858481,	0
28858479,	0
28858477,	0
28858515,	0
28858503,	0
28858499,	0
28858559,	0
28858557,	0
28858556,	0
28858554,	0
28858553,	0
28858552,	0
28858550,	0
28858549,	0
28858548,	0
28858546,	0
28858545,	0
28858544,	0
28858543,	0
28858542,	0
28858541,	0
28858540,	0
28858538,	0
28858537,	0
28858579,	0
28858567,	0
28858563,	0
28858623,	0
28858621,	0
28858620,	0
28858618,	0
28858617,	0
28858616,	0
28858614,	0
28858613,	0
28858612,	0
28858610,	0
28858609,	0
28858608,	0
28858607,	0
28858606,	0
28858605,	0
28858604,	0
28858602,	0
28858601,	0
28858643,	0
28858631,	0
