28890600,	0
28890599,	0
28890598,	0
28890593,	0
28890592,	0
28890655,	0
28890654,	0
28890633,	196
28890632,	196
28890631,	0
28890630,	0
28890627,	0
28890626,	0
28890625,	0
28890624,	0
28890679,	0
28890678,	0
28890665,	0
28890664,	0
28890749,	0
28890748,	0
28890745,	0
28890744,	0
28890743,	0
28890742,	0
28890741,	0
28890740,	0
28890733,	0
28890732,	0
28890727,	0
28890726,	0
28890725,	0
28890724,	0
28890723,	0
28890722,	0
28890781,	0
28890780,	0
28890775,	0
28890774,	0
28890765,	0
28890764,	0
28890759,	0
28890758,	0
28890755,	0
28890754,	0
28890815,	0
28890814,	0
28890813,	0
28890812,	0
28890807,	0
28890806,	0
28890801,	0
28890800,	0
28890799,	0
28890798,	0
28890797,	0
28890796,	0
28890793,	0
28890792,	0
28890791,	0
28890790,	0
28890785,	0
28890784,	0
28890839,	0
28890838,	0
28890831,	0
28890830,	0
28890823,	0
28890822,	0
28890819,	0
28890818,	0
28890817,	0
28890816,	0
28890877,	0
28890876,	0
28890871,	0
28890870,	0
28890869,	0
28890868,	0
28890863,	0
28890862,	0
28890861,	0
28890860,	0
28890855,	0
28890854,	0
28890849,	0
28890848,	0
28890909,	0
28890908,	0
28890905,	0
28890904,	0
28890903,	0
28890902,	0
28890901,	0
28890900,	0
28890897,	0
28890896,	0
28890895,	0
28890894,	0
28890893,	0
28890892,	0
28890887,	0
28890886,	0
28890885,	0
28890884,	0
28890883,	0
28890882,	0
28890943,	0
28890942,	0
28890941,	0
28890940,	0
28890935,	0
28890934,	0
28890927,	0
28890926,	0
28890925,	0
28890924,	0
28890923,	0
28890922,	0
28890919,	0
28890918,	0
28890975,	0
28890974,	0
28890971,	0
28890970,	0
28890969,	0
28890968,	0
28890967,	0
28890966,	0
28890965,	0
28890964,	0
28890963,	0
28890962,	0
28890959,	0
28890958,	0
28890957,	0
28890956,	0
28890955,	0
28890954,	0
28890953,	0
28890952,	0
28890951,	0
28890950,	0
28890947,	0
28890946,	0
28890945,	0
28890944,	0
28891007,	0
28891006,	0
28891003,	0
28891002,	0
28890995,	183
28890994,	0
28890991,	0
28890990,	0
28890989,	0
28890988,	0
28890983,	0
28890982,	0
28890977,	0
28890976,	0
28891039,	0
28891038,	0
