28923605,	0
28923604,	0
28923602,	0
28923601,	0
28923599,	0
28923597,	0
28923595,	0
28923594,	0
28923593,	0
28923592,	0
28923591,	0
28923590,	0
28923589,	0
28923588,	0
28923587,	0
28923586,	0
28923584,	0
28923647,	0
28923646,	0
28923645,	0
28923642,	0
28923640,	0
28923639,	0
28923638,	0
28923637,	0
28923635,	0
28923631,	0
28923630,	0
28923625,	0
28923623,	0
28923621,	0
28923616,	0
28923679,	0
28923677,	0
28923671,	0
28923670,	0
28923663,	0
28923661,	0
28923658,	0
28923657,	0
28923655,	0
28923654,	0
28923653,	0
28923650,	0
28923648,	0
28923711,	0
28923708,	0
28923706,	0
28923704,	0
28923703,	0
28923702,	196
28923701,	0
28923695,	0
28923694,	0
28923693,	0
28923687,	0
28923685,	0
28923680,	0
28923743,	0
28923742,	0
28923735,	0
28923734,	0
28923733,	0
28923732,	0
28923728,	0
28923727,	0
28923725,	0
28923724,	0
28923723,	0
28923722,	0
28923721,	0
28923720,	0
28923719,	0
28923717,	0
28923715,	0
28923714,	0
28923713,	0
28923712,	0
28923772,	0
28923771,	0
28923770,	0
28923769,	0
28923768,	0
28923767,	0
28923766,	0
28923765,	0
28923764,	0
28923762,	0
28923761,	0
28923759,	0
28923758,	0
28923757,	0
28923756,	0
28923754,	0
28923752,	0
28923749,	0
28923747,	0
28923745,	0
28923806,	0
28923805,	0
28923803,	0
28923802,	0
28923799,	0
28923798,	0
28923796,	0
28923795,	0
28923794,	0
28923793,	0
28923792,	0
28923791,	0
28923789,	0
28923787,	0
28923786,	0
28923785,	0
28923784,	0
28923783,	0
28923782,	0
28923779,	0
28923776,	0
28923839,	0
28923838,	0
28923835,	0
28923834,	0
28923833,	0
28923832,	0
28923831,	0
28923830,	0
28923829,	0
28923828,	0
28923826,	0
28923823,	0
28923822,	0
28923821,	0
28923818,	0
28923817,	0
28923815,	0
28923811,	0
28923809,	0
28923871,	0
28923869,	0
28923867,	0
28923866,	0
28923864,	0
28923863,	0
28923861,	0
28923860,	0
28923858,	0
28923857,	0
28923856,	0
28923855,	0
28923853,	0
28923852,	0
28923850,	196
28923849,	0
28923847,	0
28923845,	0
28923844,	0
28923843,	0
28923842,	0
28923840,	0
28923903,	0
28923902,	0
28923901,	0
