28927307,	0
28927306,	0
28927304,	0
28927302,	0
28927301,	0
28927300,	0
28927298,	0
28927296,	0
28927354,	0
28927347,	0
28927344,	0
28927339,	0
28927338,	0
28927336,	0
28927333,	0
28927331,	0
28927329,	0
28927328,	0
28927391,	0
28927390,	0
28927389,	0
28927388,	0
28927387,	0
28927385,	0
28927382,	0
28927378,	144
28927376,	0
28927374,	0
28927370,	0
28927368,	0
28927367,	0
28927366,	0
28927365,	0
28927364,	0
28927363,	0
28927423,	0
28927422,	0
28927421,	0
28927419,	0
28927416,	0
28927412,	0
28927410,	0
28927407,	0
28927406,	0
28927405,	0
28927403,	0
28927400,	0
28927399,	0
28927398,	0
28927397,	0
28927395,	0
28927393,	0
28927392,	0
28927455,	0
28927450,	0
28927449,	0
28927448,	0
28927446,	0
28927445,	0
28927444,	0
28927443,	0
28927439,	0
28927438,	0
28927436,	0
28927435,	0
28927432,	0
28927430,	0
28927429,	0
28927428,	0
28927427,	0
28927426,	0
28927484,	0
28927478,	0
28927476,	0
28927475,	0
28927473,	0
28927472,	0
28927470,	0
28927467,	0
28927466,	0
28927465,	0
28927464,	0
28927461,	0
28927459,	0
28927458,	0
28927457,	0
28927518,	0
28927517,	0
28927514,	0
28927513,	0
28927512,	0
28927511,	0
28927510,	0
28927509,	0
28927508,	0
28927507,	0
28927503,	0
28927502,	0
28927501,	0
28927500,	0
28927499,	0
28927496,	0
28927495,	0
28927494,	0
28927490,	0
28927488,	0
28927550,	0
28927548,	0
28927546,	0
28927544,	0
28927543,	0
28927542,	0
28927541,	0
28927538,	0
28927537,	0
28927536,	0
28927534,	0
28927533,	0
28927531,	0
28927529,	0
28927527,	0
28927526,	0
28927524,	0
28927523,	0
28927522,	0
28927521,	0
28927615,	0
28927614,	0
28927610,	0
28927609,	0
28927607,	0
28927606,	0
28927605,	0
28927604,	0
28927601,	0
28927599,	0
28927598,	0
28927597,	0
28927596,	0
28927594,	0
28927592,	0
28927591,	0
28927590,	0
28927588,	0
28927587,	0
28927586,	0
28927646,	0
28927644,	0
28927643,	0
28927642,	0
28927641,	0
28927639,	0
28927638,	0
28927637,	48
28927635,	0
28927630,	0
28927628,	0
28927627,	0
28927626,	0
28927624,	0
28927622,	0
28927621,	0
28927620,	0
28927618,	0
