28947897,	0
28947893,	0
28947891,	0
28947887,	0
28947886,	0
28947884,	0
28947882,	0
28947881,	0
28947879,	0
28947878,	0
28947876,	0
28947874,	0
28947873,	0
28947872,	0
28947934,	0
28947931,	0
28947929,	0
28947928,	0
28947927,	0
28947925,	0
28947924,	0
28947922,	0
28947919,	0
28947918,	0
28947917,	0
28947914,	0
28947913,	0
28947911,	0
28947909,	0
28947908,	0
28947907,	0
28947906,	0
28947965,	0
28947959,	0
28947957,	0
28947954,	0
28947953,	0
28947952,	0
28947951,	0
28947947,	0
28947946,	0
28947945,	0
28947944,	0
28947940,	0
28947939,	0
28947938,	0
28947936,	0
28947999,	0
28947996,	0
28947995,	0
28947993,	0
28947992,	0
28947991,	0
28947990,	0
28947989,	0
28947988,	0
28947986,	0
28947983,	0
28947982,	0
28947981,	0
28947980,	0
28947978,	0
28947977,	0
28947975,	0
28947974,	0
28947971,	0
28947969,	0
28948031,	0
28948029,	0
28948027,	0
28948025,	0
28948023,	0
28948022,	0
28948020,	0
28948019,	0
28948017,	0
28948016,	0
28948015,	0
28948012,	0
28948010,	0
28948008,	0
28948007,	0
28948006,	0
28948005,	0
28948003,	0
28948002,	0
28948000,	0
28948095,	0
28948094,	0
28948091,	0
28948088,	0
28948087,	0
28948086,	0
28948085,	0
28948084,	0
28948080,	0
28948079,	0
28948078,	0
28948077,	0
28948076,	0
28948075,	0
28948073,	0
28948071,	0
28948070,	0
28948069,	0
28948067,	0
28948066,	0
28948127,	0
28948125,	0
28948123,	0
28948122,	0
28948120,	0
28948119,	0
28948118,	0
28948116,	48
28948114,	0
28948111,	0
28948109,	0
28948107,	0
28948106,	0
28948105,	0
28948103,	0
28948101,	0
28948100,	0
28948099,	0
28948096,	0
28948155,	0
28948154,	0
28948153,	0
28948152,	0
28948151,	0
28948150,	0
28948149,	0
28948148,	0
28948146,	0
28948143,	0
28948142,	0
28948141,	0
28948140,	0
28948139,	0
28948138,	0
28948135,	0
28948133,	0
28948131,	0
28948129,	0
28948189,	0
28948187,	0
28948185,	0
28948183,	0
28948182,	0
28948181,	0
28948180,	0
28948178,	0
28948177,	0
28948175,	0
28948173,	0
28948171,	0
28948170,	0
28948169,	0
28948168,	0
28948167,	0
28948166,	0
28948165,	0
28948164,	0
