28948163,	0
28948162,	0
28948160,	0
28948223,	0
28948222,	0
28948221,	0
28948218,	0
28948216,	0
28948215,	0
28948214,	0
28948213,	0
28948211,	0
28948207,	0
28948206,	0
28948201,	0
28948199,	0
28948197,	0
28948192,	0
28948255,	0
28948253,	0
28948247,	0
28948246,	0
28948239,	0
28948237,	0
28948234,	0
28948233,	0
28948231,	0
28948230,	0
28948229,	0
28948226,	0
28948224,	0
28948287,	0
28948284,	0
28948282,	0
28948280,	0
28948279,	0
28948278,	0
28948277,	0
28948271,	0
28948270,	0
28948269,	0
28948263,	0
28948261,	0
28948256,	0
28948319,	0
28948318,	0
28948311,	0
28948310,	0
28948309,	0
28948308,	0
28948304,	0
28948303,	0
28948301,	0
28948300,	0
28948299,	0
28948298,	0
28948297,	0
28948296,	0
28948295,	0
28948293,	0
28948291,	0
28948290,	0
28948289,	0
28948288,	0
28948348,	0
28948347,	0
28948346,	0
28948345,	0
28948344,	0
28948343,	0
28948342,	196
28948341,	0
28948340,	0
28948338,	0
28948337,	0
28948335,	0
28948334,	0
28948333,	0
28948332,	0
28948330,	0
28948328,	0
28948325,	0
28948323,	0
28948321,	0
28948382,	0
28948381,	0
28948379,	0
28948378,	0
28948375,	0
28948374,	0
28948372,	0
28948371,	0
28948370,	0
28948369,	0
28948368,	0
28948367,	0
28948365,	0
28948363,	0
28948362,	0
28948361,	0
28948360,	0
28948359,	0
28948358,	0
28948355,	0
28948352,	0
28948415,	0
28948414,	0
28948411,	0
28948410,	0
28948409,	0
28948408,	0
28948407,	0
28948406,	0
28948405,	0
28948404,	0
28948402,	0
28948399,	0
28948398,	0
28948397,	0
28948394,	0
28948393,	0
28948391,	0
28948387,	0
28948385,	0
28948447,	0
28948445,	0
28948443,	196
28948442,	0
28948440,	0
28948439,	0
28948437,	0
28948436,	0
28948434,	0
28948433,	0
28948432,	0
28948431,	0
28948429,	0
28948428,	0
28948426,	0
28948425,	0
28948423,	0
28948421,	0
28948420,	0
28948419,	0
28948418,	0
28948416,	0
28948479,	0
28948478,	0
28948477,	0
28948476,	0
28948475,	0
28948474,	0
28948473,	0
28948472,	0
28948471,	0
28948470,	0
28948469,	0
28948468,	0
28948467,	0
28948465,	0
28948463,	0
28948462,	0
28948461,	0
