28948460,	0
28948459,	196
28948458,	0
28948457,	0
28948455,	0
28948454,	0
28948453,	0
28948452,	0
28948451,	0
28948450,	0
28948449,	0
28948511,	0
28948509,	0
28948507,	0
28948506,	0
28948505,	0
28948504,	0
28948502,	0
28948501,	0
28948500,	0
28948499,	0
28948498,	169
28948497,	0
28948493,	0
28948491,	0
28948490,	0
28948487,	0
28948486,	0
28948485,	0
28948484,	0
28948483,	0
28948482,	0
28948481,	0
28948480,	0
28948543,	0
28948539,	0
28948537,	0
28948536,	0
28948535,	0
28948534,	0
28948533,	0
28948532,	0
28948531,	0
28948530,	0
28948529,	0
28948527,	0
28948526,	0
28948525,	0
28948524,	0
28948522,	0
28948521,	0
