28957112,	0
28957111,	0
28957110,	0
28957109,	0
28957108,	0
28957106,	0
28957105,	0
28957103,	0
28957102,	0
28957101,	0
28957100,	0
28957098,	0
28957095,	0
28957091,	0
28957089,	0
28957151,	0
28957149,	0
28957148,	0
28957147,	0
28957146,	0
28957145,	0
28957144,	0
28957143,	0
28957142,	0
28957141,	0
28957140,	0
28957138,	0
28957137,	0
28957135,	0
28957133,	0
28957127,	0
28957123,	0
28957121,	0
28957120,	0
28957181,	0
28957179,	0
28957178,	0
28957177,	0
28957176,	0
28957175,	0
28957174,	0
28957173,	0
28957172,	0
28957170,	0
28957167,	0
28957166,	0
28957164,	0
28957162,	0
28957159,	0
28957158,	0
28957155,	0
28957153,	0
28957213,	0
28957211,	0
28957210,	0
28957209,	0
28957208,	0
28957207,	0
28957204,	0
28957202,	0
28957201,	0
28957199,	0
28957197,	0
28957195,	0
28957189,	0
28957187,	0
28957185,	0
28957184,	0
28957247,	0
28957245,	0
28957244,	0
28957242,	0
28957241,	0
28957240,	0
28957239,	0
28957238,	0
28957237,	0
28957236,	0
28957235,	0
28957234,	0
28957233,	0
28957231,	0
28957230,	0
28957229,	0
28957228,	0
28957227,	0
28957226,	0
28957225,	0
28957223,	0
28957221,	0
28957220,	0
28957219,	0
28957218,	0
28957277,	0
28957276,	0
28957274,	0
28957273,	0
28957269,	0
28957268,	0
28957267,	0
28957263,	0
28957261,	0
28957260,	0
28957259,	0
28957258,	0
28957257,	0
28957253,	0
28957252,	0
28957251,	0
28957250,	0
28957249,	0
28957248,	0
28957847,	0
28957839,	0
28959375,	0
28959374,	0
28959373,	0
28959372,	0
28959371,	0
28959370,	0
28959369,	0
28959368,	0
28959367,	0
28959366,	0
28959365,	0
28959364,	0
28959363,	0
28959362,	0
28959361,	0
28959360,	0
28959455,	0
28959454,	0
28959453,	0
28959452,	0
28959451,	0
28959450,	0
28959449,	0
28959448,	0
28959447,	0
28959446,	0
28959445,	0
28959444,	0
28959443,	0
28959442,	0
28959441,	0
28959440,	0
28959439,	0
28959438,	0
28959437,	0
28959436,	0
28959435,	0
28959434,	0
28959433,	0
28959432,	0
28959431,	0
28959430,	0
28959429,	0
28959428,	0
28959427,	0
28959426,	0
28959425,	0
28959424,	0
28959487,	0
28959486,	0
