28960553,	0
28960552,	0
28960551,	0
28960550,	0
28960549,	0
28960548,	0
28960547,	0
28960546,	0
28960545,	0
28960544,	0
28960607,	0
28960606,	0
28960605,	0
28960604,	0
28960603,	0
28960602,	0
28960601,	0
28960600,	0
28960599,	0
28960598,	0
28960597,	0
28960596,	0
28960595,	0
28960594,	0
28960593,	0
28960592,	0
28960591,	0
28960590,	0
28960589,	196
28960588,	0
28960587,	0
28960586,	0
28960585,	0
28960584,	196
28960583,	0
28960582,	0
28960581,	0
28960580,	0
28960579,	0
28960578,	0
28960577,	0
28960576,	0
28960639,	0
28960638,	0
28960637,	0
28960636,	0
28960635,	0
28960634,	0
28960633,	0
28960632,	0
28960631,	0
28960630,	0
28960629,	0
28960628,	0
28960627,	0
28960626,	0
28960625,	0
28960624,	0
28960623,	0
28960622,	0
28960621,	0
28960620,	0
28960619,	0
28960618,	0
28960617,	0
28960616,	0
28960615,	0
28960614,	0
28960613,	0
28960612,	0
28960611,	0
28960610,	0
28960609,	0
28960608,	0
28960671,	0
28960670,	0
28960669,	0
28960668,	0
28960667,	0
28960666,	0
28960665,	0
28960664,	0
28960663,	0
28960662,	0
28960661,	0
28960660,	0
28960659,	0
28960658,	0
28960657,	0
28960656,	0
28960655,	0
28960654,	0
28960653,	0
28960652,	0
28960651,	0
28960650,	0
28960649,	0
28960648,	0
28960647,	0
28960646,	0
28960645,	0
28960644,	0
28960643,	0
28960642,	0
28960641,	0
28960640,	0
28960703,	0
28960702,	0
28960701,	0
28960700,	0
28960699,	0
28960698,	0
28960697,	0
28960696,	0
28960695,	0
28960694,	0
28960693,	0
28960692,	0
28960691,	0
28960690,	0
28960689,	0
28960688,	0
28960687,	0
28960686,	0
28960685,	0
28960684,	0
28960683,	0
28960682,	0
28960681,	0
28960680,	0
28960679,	0
28960678,	0
28960677,	0
28960676,	0
28960675,	0
28960674,	0
28960673,	0
28960672,	0
28960735,	0
28960734,	0
28960733,	0
28960732,	0
28960731,	0
28960730,	0
28960729,	0
28960728,	0
28960727,	0
28960726,	0
28960725,	0
28960724,	0
28960723,	0
28960722,	0
28960721,	0
28960720,	0
28960719,	0
28960718,	0
28960717,	0
28960716,	0
28960715,	0
28960714,	0
28960713,	0
28960712,	0
28960711,	0
28960710,	0
