28961086,	0
28961085,	0
28961084,	0
28961083,	0
28961082,	0
28961081,	0
28961080,	0
28961079,	0
28961078,	0
28961077,	0
28961076,	0
28961075,	0
28961074,	0
28961073,	0
28961072,	0
28961071,	0
28961070,	0
28961069,	0
28961068,	0
28961067,	0
28961066,	0
28961065,	0
28961064,	0
28961063,	0
28961062,	0
28961061,	0
28961060,	0
28961059,	0
28961058,	0
28961057,	0
28961056,	0
28961119,	0
28961118,	0
28961117,	0
28961116,	0
28961115,	0
28961114,	0
28961113,	0
28961112,	0
28961111,	0
28961110,	0
28961109,	0
28961108,	0
28961107,	0
28961106,	0
28961105,	0
28961104,	0
28961103,	0
28961102,	0
28961101,	0
28961100,	0
28961099,	0
28961098,	0
28961097,	0
28961096,	0
28961095,	0
28961094,	0
28961093,	0
28961092,	0
28961091,	0
28961090,	0
28961089,	0
28961088,	0
28961151,	0
28961150,	0
28961149,	0
28961148,	0
28961147,	0
28961146,	0
28961145,	0
28961144,	0
28961143,	0
28961142,	0
28961141,	0
28961140,	0
28961139,	0
28961138,	0
28961137,	0
28961136,	0
28961135,	0
28961134,	0
28961133,	0
28961132,	0
28961131,	0
28961130,	0
28961129,	0
28961128,	0
28961127,	0
28961126,	0
28961125,	0
28961124,	0
28961123,	0
28961122,	0
28961121,	0
28961120,	0
28961183,	0
28961182,	0
28961181,	0
28961180,	0
28961179,	0
28961178,	0
28961177,	0
28961176,	0
28961175,	0
28961174,	0
28961173,	0
28961172,	0
28961171,	0
28961170,	0
28961169,	0
28961168,	0
28961167,	0
28961166,	0
28961165,	0
28961164,	0
28961163,	0
28961162,	0
28961161,	0
28961160,	0
28961159,	0
28961158,	0
28961157,	0
28961156,	0
28961155,	0
28961154,	0
28961153,	0
28961152,	0
28961215,	0
28961214,	0
28961213,	0
28961212,	0
28961211,	0
28961210,	0
28961209,	0
28961208,	0
28961207,	0
28961206,	0
28961205,	0
28961204,	0
28961203,	0
28961202,	0
28961201,	0
28961200,	0
28961199,	0
28961198,	0
28961197,	0
28961196,	0
28961195,	0
28961194,	0
28961193,	0
28961192,	0
28961191,	0
28961190,	0
28961189,	0
28961188,	0
28961187,	0
28961186,	0
28961185,	0
28961184,	0
28961247,	0
28961246,	0
28961245,	0
28961244,	0
