28968119,	0
28968118,	0
28968117,	0
28968116,	0
28968115,	0
28968114,	0
28968113,	0
28968112,	0
28968111,	0
28968110,	0
28968109,	0
28968108,	0
28968107,	0
28968106,	0
28968105,	0
28968104,	0
28968103,	0
28968102,	0
28968101,	0
28968100,	0
28968099,	0
28968098,	0
28968097,	0
28968096,	0
28968159,	0
28968158,	0
28968157,	0
28968156,	0
28968155,	31
28968154,	0
28968153,	0
28968152,	0
28968151,	0
28968150,	0
28968149,	0
28968148,	0
28968147,	0
28968146,	0
28968145,	0
28968144,	0
28968143,	0
28968142,	0
28968141,	0
28968140,	0
28968139,	0
28968138,	0
28968137,	0
28968136,	0
28968135,	0
28968134,	0
28968133,	0
28968132,	0
28968131,	0
28968130,	28
28968129,	0
28968128,	0
28968191,	0
28968190,	0
28968189,	0
28968188,	0
28968187,	0
28968186,	0
28968185,	0
28968184,	0
28968183,	0
28968182,	0
28968181,	0
28968180,	0
28968179,	0
28968178,	0
28968177,	0
28968176,	0
28968175,	0
28968174,	0
28968173,	0
28968172,	0
28968171,	0
28968170,	0
28968169,	26
28968168,	0
28968167,	0
28968166,	0
28968165,	0
28968164,	0
28968163,	0
28968162,	0
28968161,	0
28968160,	0
28968223,	0
28968222,	0
28968221,	0
28968220,	0
28968219,	0
28968218,	0
28968217,	0
28968216,	0
28968215,	0
28968214,	0
28968213,	0
28968212,	0
28968211,	0
28968210,	0
28968209,	0
28968208,	0
28968207,	0
28968206,	0
28968205,	0
28968204,	0
28968203,	0
28968202,	0
28968201,	0
28968200,	0
28968199,	0
28968198,	0
28968197,	0
28968196,	0
28968195,	0
28968194,	0
28968193,	0
28968192,	0
28968255,	0
28968254,	0
28968253,	0
28968252,	0
28968251,	0
28968250,	0
28968249,	0
28968248,	0
28968247,	0
28968246,	0
28968245,	0
28968244,	0
28968243,	0
28968242,	0
28968241,	0
28968240,	28
28968239,	0
28968238,	0
28968237,	0
28968236,	0
28968235,	0
28968234,	0
28968233,	0
28968232,	0
28968231,	0
28968230,	0
28968229,	0
28968228,	0
28968227,	0
28968226,	0
28968225,	0
28968224,	34
28968287,	0
28968286,	0
28968285,	0
28968284,	0
28968283,	0
28968282,	0
28968281,	0
28968280,	0
28968279,	0
28968278,	0
28968277,	0
