28973024,	0
28973087,	0
28973086,	0
28973085,	0
28973084,	0
28973083,	0
28973082,	0
28973081,	0
28973080,	0
28973079,	0
28973078,	0
28973077,	0
28973076,	0
28973075,	0
28973074,	0
28973073,	0
28973072,	0
28973071,	0
28973070,	0
28973069,	0
28973068,	0
28973067,	0
28973066,	0
28973065,	0
28973064,	0
28973063,	0
28973062,	0
28973061,	0
28973060,	0
28973059,	0
28973058,	0
28973057,	0
28973056,	0
28973119,	0
28973118,	0
28973117,	0
28973116,	0
28973115,	0
28973114,	0
28973113,	0
28973112,	0
28973111,	0
28973110,	0
28973109,	0
28973108,	0
28973107,	0
28973106,	0
28973105,	0
28973104,	0
28973103,	0
28973102,	0
28973101,	0
28973100,	0
28973099,	0
28973098,	0
28973097,	0
28973096,	0
28973095,	0
28973094,	0
28973093,	0
28973092,	0
28973091,	0
28973090,	0
28973089,	0
28973088,	0
28973151,	0
28973150,	0
28973149,	0
28973148,	0
28973147,	0
28973146,	0
28973145,	0
28973144,	0
28973143,	0
28973142,	0
28973141,	0
28973140,	0
28973139,	0
28973138,	0
28973137,	0
28973136,	0
28973135,	0
28973134,	0
28973133,	0
28973132,	0
28973131,	0
28973130,	0
28973129,	0
28973128,	0
28973127,	0
28973126,	0
28973125,	0
28973124,	0
28973123,	0
28973122,	0
28973121,	0
28973120,	0
28973183,	0
28973182,	0
28973181,	0
28973180,	0
28973179,	0
28973178,	0
28973177,	0
28973176,	0
28973175,	0
28973174,	0
28973173,	0
28973172,	0
28973171,	0
28973170,	0
28973169,	0
28973168,	0
28973167,	0
28973166,	0
28973165,	0
28973164,	0
28973163,	0
28973162,	0
28973161,	0
28973160,	0
28973159,	0
28973158,	0
28973157,	0
28973156,	0
28973155,	0
28973154,	0
28973153,	0
28973152,	0
28973215,	0
28973214,	0
28973213,	0
28973212,	0
28973211,	0
28973210,	0
28973209,	0
28973208,	0
28973207,	0
28973206,	0
28973205,	196
28973204,	0
28973203,	0
28973202,	0
28973201,	0
28973200,	0
28973199,	0
28973198,	0
28973197,	0
28973196,	0
28973195,	0
28973194,	0
28973193,	0
28973192,	0
28973191,	0
28973190,	0
28973189,	0
28973188,	0
28973187,	196
28973186,	0
28973185,	0
28973184,	0
28973247,	0
28973246,	0
