28976652,	0
28976644,	0
28976643,	0
28976642,	0
28976641,	0
28976640,	0
28976702,	0
28976701,	0
28976700,	0
28976699,	0
28976698,	0
28976690,	0
28976689,	0
28976688,	0
28976678,	0
28976677,	0
28976676,	0
28976675,	0
28976674,	0
28976673,	0
28976672,	0
28976766,	0
28976763,	0
28976762,	0
28976761,	0
28976760,	0
28976751,	0
28976749,	0
28976748,	0
28976741,	0
28976740,	0
28976739,	0
28976738,	0
28976737,	0
28976736,	0
28976798,	0
28976797,	0
28976796,	0
28976795,	0
28976794,	0
28976786,	0
28976785,	0
28976784,	0
28976774,	0
28976773,	0
28976772,	0
28976771,	0
28976770,	0
28976769,	0
28976768,	0
28976830,	0
28976827,	0
28976826,	0
28976825,	0
28976824,	0
28976815,	0
28976813,	0
28976812,	0
28976805,	0
28976804,	0
28976803,	0
28976802,	0
28976801,	0
28976800,	0
28976862,	0
28976861,	0
28976860,	0
28976859,	0
28976850,	0
28976849,	0
28976848,	0
28976838,	0
28976837,	0
28976836,	0
28976835,	0
28976833,	0
28976832,	0
28976894,	0
28976893,	0
28976892,	0
28976891,	0
28976890,	0
28976889,	0
28976888,	0
28976879,	0
28976877,	0
28976876,	0
28976869,	0
28976868,	0
28976867,	0
28976866,	0
28976865,	0
28976864,	0
28976926,	0
28976925,	0
28976924,	0
28976923,	0
28976922,	0
28976914,	0
28976913,	0
28976912,	0
28976906,	0
28976905,	0
28976902,	0
28976901,	0
28976900,	0
28976899,	0
28976898,	0
28976897,	0
28976896,	0
28976958,	0
28976957,	0
28976956,	0
28976955,	0
28976954,	0
28976953,	0
28976952,	0
28976943,	0
28976941,	0
28976940,	0
28976933,	0
28976932,	0
28976931,	0
28976930,	0
28976929,	0
28976928,	0
28976990,	0
28976989,	0
28976988,	0
28976987,	0
28976986,	0
28976978,	0
28976977,	0
28976976,	0
28976966,	0
28976965,	0
28976964,	0
28976963,	0
28976962,	0
28976961,	0
28976960,	0
28977022,	0
28977021,	0
28977020,	0
28977019,	0
28977018,	0
28977017,	0
28977016,	0
28977007,	0
28977005,	0
28977004,	0
28976997,	0
28976996,	0
28976995,	0
28976994,	0
28976993,	0
28976992,	0
28977054,	0
28977053,	0
28977052,	0
28977051,	0
28977042,	0
28977041,	0
