28988919,	0
28988918,	0
28988917,	0
28988916,	0
28988915,	0
28988914,	0
28988913,	0
28988912,	0
28988911,	0
28988910,	0
28988909,	0
28988908,	0
28988907,	0
28988906,	0
28988905,	0
28988904,	0
28988903,	0
28988902,	0
28988901,	0
28988900,	0
28988899,	0
28988898,	0
28988897,	0
28988896,	0
28988959,	0
28988958,	0
28988957,	0
28988956,	0
28988955,	0
28988954,	0
28988953,	0
28988952,	64
28988951,	0
28988950,	0
28988949,	0
28988948,	0
28988947,	0
28988946,	0
28988945,	0
28988944,	0
28988943,	0
28988942,	0
28988941,	0
28988940,	0
28988939,	0
28988938,	0
28988937,	0
28988936,	0
28988935,	0
28988934,	0
28988933,	0
28988932,	0
28988931,	0
28988930,	0
28988929,	0
28988928,	0
28988991,	0
28988990,	0
28988989,	0
28988988,	0
28988987,	0
28988986,	0
28988985,	0
28988984,	0
28988983,	0
28988982,	0
28988981,	0
28988980,	0
28988979,	0
28988978,	0
28988977,	0
28988976,	0
28988975,	0
28988974,	0
28988973,	0
28988972,	0
28988971,	0
28988970,	0
28988969,	0
28988968,	0
28988967,	0
28988966,	0
28988965,	0
28988964,	0
28988963,	0
28988962,	0
28988961,	0
28988960,	0
28989055,	0
28989054,	0
28989053,	0
28989052,	0
28989051,	0
28989050,	0
28989049,	0
28989048,	0
28989047,	0
28989046,	0
28989045,	0
28989044,	0
28989043,	0
28989042,	0
28989041,	0
28989040,	0
28989039,	0
28989038,	0
28989037,	0
28989036,	0
28989035,	0
28989034,	0
28989033,	0
28989032,	0
28989031,	0
28989030,	0
28989029,	0
28989028,	0
28989027,	0
28989026,	0
28989025,	0
28989024,	0
28989087,	0
28989086,	0
28989085,	0
28989084,	0
28989083,	0
28989082,	0
28989081,	0
28989080,	0
28989079,	0
28989078,	0
28989077,	0
28989076,	0
28989075,	0
28989074,	0
28989073,	0
28989072,	0
28989071,	0
28989070,	0
28989069,	0
28989068,	0
28989067,	0
28989066,	0
28989065,	0
28989064,	0
28989063,	0
28989062,	0
28989061,	0
28989060,	0
28989059,	0
28989058,	0
28989057,	0
28989056,	0
28989119,	0
28989118,	0
28989117,	0
28989116,	0
28989115,	0
28989114,	0
28989113,	0
28989112,	0
28989111,	0
28989110,	0
28989109,	0
28989108,	0
