28996389,	196
28996388,	0
28996387,	0
28996386,	0
28996385,	0
28996384,	0
28996447,	0
28996446,	0
28996445,	0
28996444,	0
28996443,	0
28996442,	0
28996441,	0
28996440,	0
28996439,	0
28996438,	0
28996437,	0
28996436,	0
28996435,	0
28996434,	0
28996433,	0
28996432,	0
28996423,	0
28996422,	0
28996419,	0
28996479,	0
28996478,	0
28996477,	0
28996476,	0
28996475,	0
28996474,	0
28996473,	0
28996472,	0
28996471,	0
28996470,	0
28996469,	0
28996468,	0
28996467,	0
28996466,	0
28996465,	0
28996464,	0
28996463,	0
28996462,	0
28996461,	0
28996460,	0
28996459,	0
28996458,	0
28996457,	0
28996456,	0
28996455,	0
28996454,	0
28996453,	0
28996452,	0
28996451,	0
28996450,	0
28996449,	0
28996448,	0
28996495,	0
28996494,	0
28996493,	0
28996492,	0
28996491,	0
28996490,	0
28996489,	0
28996488,	0
28996487,	0
28996486,	0
28996485,	0
28996484,	0
28996483,	0
28996482,	0
28996481,	0
28996480,	0
28996575,	0
28996574,	0
28996573,	0
28996572,	0
28996571,	0
28996570,	0
28996569,	0
28996568,	0
28996567,	0
28996566,	0
28996565,	0
28996564,	0
28996563,	0
28996562,	0
28996561,	0
28996560,	0
28996559,	0
28996558,	0
28996557,	0
28996556,	0
28996555,	0
28996554,	0
28996553,	0
28996552,	0
28996551,	0
28996550,	0
28996549,	0
28996548,	0
28996547,	0
28996546,	0
28996545,	0
28996544,	0
28996607,	0
28996606,	0
28996605,	0
28996604,	0
28996603,	0
28996602,	0
28996601,	0
28996600,	0
28996599,	0
28996598,	0
28996597,	0
28996596,	0
28996595,	0
28996594,	0
28996593,	0
28996592,	0
28996591,	0
28996590,	0
28996589,	0
28996588,	0
28996587,	0
28996586,	0
28996585,	0
28996584,	0
28996583,	0
28996582,	0
28996581,	0
28996580,	0
28996579,	0
28996578,	0
28996577,	0
28996576,	0
28996639,	0
28996638,	0
28996637,	0
28996636,	0
28996635,	0
28996634,	0
28996633,	0
28996632,	0
28996631,	0
28996630,	0
28996629,	0
28996628,	0
28996627,	0
