28996815,	0
28996814,	0
28996813,	0
28996812,	0
28996811,	0
28996810,	0
28996809,	0
28996807,	0
28996806,	0
28996805,	0
28996804,	0
28996803,	0
28996802,	0
28996801,	0
28996800,	0
28996863,	0
28996862,	0
28996861,	0
28996860,	0
28996859,	0
28996858,	0
28996857,	0
28996856,	0
28996855,	0
28996854,	0
28996853,	0
28996852,	0
28996851,	0
28996850,	0
28996849,	0
28996848,	0
28996847,	0
28996846,	0
28996845,	0
28996844,	0
28996842,	0
28996841,	0
28996840,	0
28996839,	0
28996838,	0
28996837,	0
28996836,	0
28996835,	0
28996834,	0
28996833,	0
28996832,	0
28996895,	0
28996894,	0
28996893,	0
28996892,	0
28996891,	0
28996890,	0
28996889,	0
28996888,	0
28996887,	0
28996886,	0
28996885,	0
28996884,	0
28996883,	0
28996882,	0
28996881,	0
28996880,	0
28996879,	0
28996878,	31
28996877,	30
28996876,	30
28996875,	30
28996874,	30
28996873,	0
