28997473,	0
28997472,	0
28997535,	0
28997534,	0
28997533,	0
28997532,	0
28997531,	0
28997530,	0
28997529,	0
28997528,	0
28997527,	0
28997526,	0
28997525,	0
28997524,	0
28997523,	0
28997522,	0
28997521,	0
28997520,	0
28997519,	0
28997518,	0
28997517,	0
28997516,	0
28997515,	0
28997514,	0
28997513,	0
28997512,	0
28997511,	0
28997510,	0
28997509,	0
28997508,	0
28997507,	0
28997506,	0
28997505,	0
28997504,	0
28997567,	0
28997566,	0
28997565,	0
28997564,	0
28997563,	0
28997562,	0
28997561,	0
28997560,	0
28997559,	0
28997558,	0
28997557,	0
28997556,	0
28997555,	0
28997554,	0
28997553,	0
28997552,	0
28997551,	0
28997550,	0
28997549,	0
28997548,	0
28997547,	0
28997546,	0
28997545,	0
28997544,	0
28997543,	0
28997542,	0
28997541,	0
28997540,	0
28997539,	0
28997538,	0
28997537,	0
28997536,	0
28997599,	0
28997598,	0
28997597,	0
28997596,	0
28997595,	0
28997594,	0
28997593,	0
28997592,	0
28997591,	0
28997590,	0
28997589,	0
28997588,	0
28997587,	0
28997586,	0
28997585,	0
28997584,	0
28997583,	0
28997582,	0
28997581,	0
28997580,	0
28997579,	0
28997578,	0
28997577,	0
28997576,	0
28997575,	0
28997574,	0
28997573,	0
28997572,	0
28997571,	0
28997570,	0
28997569,	0
28997568,	0
28997631,	0
28997630,	0
28997629,	0
28997628,	0
28997627,	0
28997626,	0
28997625,	0
28997624,	0
28997623,	0
28997622,	0
28997621,	0
28997620,	0
28997619,	0
28997618,	0
28997617,	0
28997616,	0
28997615,	0
28997614,	0
28997613,	0
28997612,	0
28997611,	0
28997610,	0
28997609,	0
28997608,	0
28997607,	0
28997606,	0
28997605,	0
28997604,	0
28997603,	0
28997602,	0
28997601,	0
28997600,	0
28997663,	0
28997662,	0
28997661,	0
28997660,	0
28997659,	0
28997658,	0
28997657,	0
28997656,	0
28997655,	0
28997654,	0
28997653,	0
28997652,	0
28997651,	0
28997650,	196
28997649,	0
28997648,	0
28997647,	0
28997646,	0
28997645,	0
28997644,	0
28997643,	0
28997642,	0
28997641,	0
28997640,	0
28997639,	0
28997638,	0
28997637,	0
28997636,	0
28997635,	0
28997634,	0
28997633,	0
28997632,	0
28997695,	0
28997694,	0
