29010273,	0
29010321,	0
29010305,	0
29010367,	0
29010366,	0
29010365,	0
29010353,	0
29010337,	0
29010399,	0
29010398,	0
29010431,	0
29010430,	0
29010463,	0
29010462,	0
29010447,	0
29010446,	0
29010481,	0
29010479,	0
29010478,	0
29010465,	0
29010513,	0
29010559,	0
29010558,	0
29010531,	0
29010530,	0
29010577,	0
29010623,	0
29010622,	0
29010611,	0
29010610,	0
29010607,	0
29010606,	0
29010655,	0
29010654,	0
29010639,	0
29010638,	0
29010625,	0
29010673,	0
29010663,	0
29010662,	48
29010751,	0
29010750,	0
29010735,	0
29010734,	0
29010783,	0
29010782,	0
29010765,	0
29010753,	0
29010815,	0
29010814,	0
29010847,	0
29010846,	0
29010831,	0
29010830,	0
29010877,	0
29010863,	0
29010862,	0
29010849,	0
29010881,	0
29010943,	0
29010942,	0
29010913,	0
29010959,	0
29010958,	0
29011007,	0
29011006,	0
29010991,	0
29010990,	0
29011039,	0
29011038,	0
29011023,	0
29011022,	0
29011057,	0
29011041,	0
29011089,	0
29012799,	0
29012795,	0
29012793,	0
29012792,	0
29012790,	0
29012789,	0
29012788,	0
29012787,	0
29012785,	0
29012784,	0
29012831,	0
29012827,	0
29012823,	0
29012821,	0
29012820,	0
29012815,	0
29012811,	0
29012805,	0
29012804,	0
29012803,	0
29012859,	0
29012853,	0
29012852,	0
29012843,	0
29012839,	0
29012837,	0
29012836,	0
29012895,	0
29012891,	0
29012887,	0
29012886,	0
29012885,	0
29012884,	0
29012879,	0
29012875,	0
29012870,	0
29012869,	0
29012868,	0
29012867,	0
29012923,	0
29012918,	0
29012917,	0
29012916,	0
29012915,	0
29012903,	0
29012901,	0
29012900,	0
29012959,	0
29012955,	0
29012953,	0
29012952,	0
29012951,	0
29012943,	0
29012941,	196
29012940,	0
29012939,	0
29012933,	0
29012932,	0
29012931,	0
29012991,	0
29012989,	0
29012988,	0
29012987,	0
29012979,	0
29012978,	0
29012971,	0
29012967,	0
29013023,	0
29013019,	0
29013015,	0
29013007,	0
29013003,	0
29013002,	0
29013051,	0
29013043,	0
29013042,	0
29013035,	0
29013031,	0
29013026,	0
29013070,	0
29013067,	0
29013059,	0
29013141,	0
29013140,	0
29013138,	0
29013173,	0
29013172,	0
29013166,	0
29013237,	0
