29033920,	0
29033983,	0
29033982,	0
29033977,	0
29033976,	0
29033975,	0
29033974,	0
29033971,	0
29033970,	0
29033969,	0
29033968,	0
29033967,	0
29033966,	0
29033965,	0
29033964,	0
29033963,	0
29033962,	0
29033961,	0
29033960,	0
29033957,	0
29033956,	0
29034015,	0
29034014,	0
29034013,	0
29034012,	0
29034009,	0
29034008,	0
29034007,	0
29034006,	98
29034005,	0
29034004,	0
29034003,	0
29034002,	0
29034001,	0
29034000,	0
29033999,	0
29033998,	0
29033995,	0
29033994,	0
29033993,	0
29033992,	0
29033989,	0
29033988,	0
29034045,	0
29034044,	0
29034043,	0
29034042,	0
29034031,	0
29034030,	0
29034029,	0
29034028,	0
29034025,	0
29034024,	0
29034021,	0
29034020,	0
29034019,	0
29034018,	0
29034017,	0
29034016,	0
29034107,	0
29034106,	0
29034103,	0
29034102,	0
29034101,	0
29034100,	0
29034099,	0
29034098,	0
29034091,	0
29034090,	0
29034089,	0
29034088,	0
29034085,	0
29034084,	0
29034083,	0
29034082,	0
29034143,	0
29034142,	0
29034139,	0
29034138,	0
29034135,	0
29034134,	0
29034125,	68
29034124,	0
29034123,	0
29034122,	0
29034115,	0
29034114,	48
29034165,	0
29034164,	0
29034163,	0
29034162,	0
29034155,	0
29034154,	0
29034149,	0
29034148,	0
29034147,	0
29034146,	0
29034197,	0
29034196,	0
29034189,	0
29034188,	0
29034187,	0
29034186,	0
29034185,	0
29034184,	0
29034181,	0
29034180,	0
29034237,	0
29034236,	0
29034229,	0
29034228,	0
29034269,	0
29034268,	0
29034267,	0
29034266,	0
29034261,	0
29034260,	196
29034251,	0
29034250,	0
29034245,	0
29034244,	0
29034243,	0
29034242,	0
29034301,	0
29034300,	0
29034299,	0
29034298,	0
29034293,	0
29034292,	0
29034291,	0
29034290,	0
29034287,	0
29034286,	0
29034285,	0
29034284,	0
29034277,	0
29034276,	0
29034275,	0
29034274,	0
29034273,	0
29034272,	0
29034331,	0
29034330,	0
29034325,	0
29034324,	0
29034323,	0
29034322,	0
29034319,	0
29034318,	0
29034317,	0
29034316,	0
29034309,	0
29034308,	0
29034307,	0
29034306,	0
29034305,	0
29034304,	0
29034365,	0
29034364,	0
29034363,	0
29034362,	0
29034357,	0
29034356,	0
29034355,	0
