29034354,	0
29034347,	0
29034346,	0
29034341,	0
29034340,	0
29034339,	0
29034338,	0
29034397,	0
29034396,	0
29034389,	0
29034388,	0
29034387,	196
29034386,	0
29034381,	0
29034380,	0
29034379,	0
29034378,	48
29034375,	0
29034374,	0
29034371,	0
29034370,	0
29034369,	0
29034368,	0
29034429,	0
29034428,	0
29034421,	0
29034420,	196
29034419,	0
29034418,	0
29034417,	0
29034416,	0
29034413,	0
29034412,	0
29034401,	0
29034400,	0
29034459,	0
29034458,	0
29034445,	0
29034444,	0
29034443,	0
29034442,	0
29034437,	0
29034436,	0
29034435,	0
29034434,	0
29034491,	0
29034490,	0
29034485,	0
29034484,	0
29034483,	0
29034482,	0
29034477,	0
29034476,	0
29034475,	0
29034474,	0
29034471,	0
29034470,	0
29034467,	0
29034466,	0
29034527,	0
29034526,	0
29034525,	0
29034524,	0
29034523,	0
29034522,	0
29034519,	0
29034518,	0
29034517,	0
29034516,	0
29034509,	0
29034508,	0
29034507,	0
29034506,	0
29034499,	0
29034498,	0
29034557,	0
29034556,	0
29034549,	144
29034548,	144
29034547,	0
29034546,	0
29034543,	0
29034542,	0
29034539,	0
29034538,	0
29034535,	0
29034534,	0
29034533,	0
29034532,	0
29034531,	6
29034530,	0
29034529,	0
29034528,	0
29034591,	0
29034590,	0
29034573,	0
29034572,	0
29034571,	0
29034570,	0
29034567,	0
29034566,	0
29034565,	0
29034564,	24
29034563,	0
29034562,	0
29034619,	0
29034618,	0
29034615,	196
29034614,	0
29034613,	0
29034612,	0
29034611,	0
29034610,	0
29034605,	0
29034604,	0
29034603,	0
29034602,	0
29034597,	0
29034596,	0
29034653,	0
29034652,	0
29034651,	0
29034650,	0
29034645,	0
29034644,	0
29034643,	0
29034642,	0
29034637,	0
29034636,	0
29034635,	0
29034634,	0
29034627,	0
29034626,	0
29034683,	0
29034682,	0
29034677,	0
29034676,	0
29034675,	0
29034674,	0
29034671,	0
29034670,	0
29034659,	0
29034658,	0
29034717,	0
29034716,	0
29034711,	0
29034710,	0
29034699,	6
29034698,	0
29034697,	0
29034696,	0
29034693,	0
29034692,	0
29034691,	0
29034690,	0
29034689,	0
