29046619,	0
29046616,	0
29046614,	0
29046613,	0
29046612,	0
29046611,	0
29046608,	0
29046607,	0
29046606,	0
29046605,	0
29046604,	0
29046600,	0
29046598,	0
29046597,	0
29046596,	196
29046595,	0
29046593,	0
29046653,	0
29046652,	0
29046651,	0
29046648,	0
29046646,	0
29046645,	0
29046644,	0
29046643,	0
29046638,	0
29046635,	0
29046634,	0
29046629,	0
29046627,	0
29046685,	0
29046684,	0
29046678,	0
29046677,	0
29046675,	0
29046672,	0
29046670,	0
29046669,	0
29046668,	0
29046667,	0
29046663,	0
29046662,	0
29046660,	0
29046659,	0
29046657,	0
29046717,	0
29046716,	0
29046712,	0
29046709,	0
29046707,	0
29046705,	0
29046702,	0
29046701,	0
29046700,	0
29046694,	0
29046692,	0
29046689,	0
29046747,	0
29046744,	0
29046742,	0
29046740,	0
29046733,	0
29046731,	0
29046726,	0
29046725,	0
29046724,	0
29046723,	0
