29055388,	0
29055385,	0
29055384,	0
29055380,	0
29055373,	0
29055372,	0
29055371,	0
29055369,	0
29055365,	0
29055363,	0
29055422,	196
29055421,	0
29055420,	0
29055419,	0
29055408,	0
29055406,	0
29055405,	0
29055400,	196
29055399,	0
29055398,	0
29055395,	0
29055392,	0
29055453,	0
29055448,	0
29055445,	0
29055438,	0
29055436,	0
29055432,	0
29055431,	0
29055427,	0
29055487,	0
29055486,	0
29055485,	0
29055481,	0
29055480,	0
29055477,	0
29055475,	48
29055470,	0
29055467,	0
29055464,	0
29055461,	0
29055459,	0
29055457,	0
29055512,	0
29055510,	0
29055509,	0
29055502,	0
29055499,	0
29055494,	0
29055491,	0
29055488,	0
29055920,	0
29055966,	0
29056082,	0
29056098,	0
29056157,	0
29056155,	0
29056147,	0
29056128,	0
29057691,	0
29057686,	0
29057685,	0
29057723,	0
29057718,	0
29057717,	0
29057757,	0
29057753,	0
29057747,	0
29057744,	0
29057739,	0
29057736,	0
29057735,	0
29057733,	0
29057732,	0
29057731,	0
29057728,	0
