29074927,	0
29074925,	0
29074924,	0
29074923,	136
29074922,	34
29074920,	0
29074919,	144
29074917,	0
29074916,	0
29074915,	196
29074913,	0
29074912,	0
29074971,	0
29074970,	0
29074966,	196
29074963,	0
29074962,	0
29074955,	0
29074954,	0
29074950,	0
29074947,	0
29074946,	0
29075003,	0
29075002,	0
29074995,	0
29074994,	0
29074993,	0
29074987,	0
29074986,	0
29074985,	0
29074979,	0
29074978,	0
29074977,	0
29078166,	0
29078237,	0
29078235,	0
29078230,	0
29078229,	0
29078227,	0
29078221,	0
29078219,	0
29078213,	0
29078211,	0
29078269,	0
29078267,	0
29078261,	0
29078259,	0
29078257,	0
29078253,	0
29078251,	0
29078245,	0
29078243,	0
29078303,	0
29078302,	0
29078301,	0
29078299,	0
29078297,	0
29078295,	0
29078293,	0
29078291,	0
29078289,	0
29078286,	0
29078285,	0
29078283,	0
29078278,	0
29078277,	0
29078275,	0
29078334,	0
29078331,	0
29078330,	0
29078327,	0
29078326,	0
29078325,	0
29078323,	0
29078321,	0
29078319,	0
29078317,	0
29078315,	0
29078313,	0
29078309,	0
29078307,	0
29078367,	0
29078365,	0
29078363,	0
29078361,	0
29078360,	0
29078359,	0
29078358,	196
29078357,	0
29078355,	0
29078352,	0
29078351,	0
29078349,	0
29078347,	0
29078344,	0
29078343,	0
29078341,	0
29078339,	0
29078397,	0
29078396,	0
29078395,	0
29078394,	0
29078393,	0
29078389,	196
29078387,	0
29078385,	0
29078384,	0
29078383,	0
29078381,	0
29078379,	0
29078377,	0
29078376,	0
29078375,	0
29078373,	0
29078371,	0
29078369,	0
29078368,	0
29078427,	0
29078426,	0
29078425,	0
29078422,	0
29078419,	0
29078418,	0
29078417,	0
29078411,	0
29078410,	0
29078409,	0
29078403,	0
29078402,	0
29078459,	0
29078458,	0
29078457,	0
29078451,	0
29078450,	0
29078449,	0
29078443,	0
29078442,	0
29078441,	0
29078435,	0
29078434,	0
29078433,	0
29078493,	0
29078492,	0
29078486,	0
29078485,	0
29078484,	0
29078478,	0
29078477,	0
29078476,	0
29078525,	0
29078524,	0
29078517,	0
29078516,	0
29078509,	0
29078508,	0
29078505,	0
29078501,	0
29078500,	0
29078559,	0
29078556,	0
29078554,	0
29078552,	0
29078551,	0
29078550,	0
