29095419,	0
29095418,	0
29095416,	136
29095413,	0
29095412,	0
29095411,	0
29095410,	0
29095409,	0
29095406,	0
29095405,	0
29095404,	0
29095403,	34
29095402,	136
29095401,	0
29095398,	144
29095397,	0
29095396,	0
29095394,	196
29095393,	0
29095392,	0
29095451,	0
29095450,	0
29095447,	0
29095443,	0
29095442,	0
29095435,	0
29095434,	0
29095431,	0
29095427,	0
29095426,	0
29095483,	0
29095482,	0
29095475,	0
29095474,	0
29095472,	0
29095467,	0
29095466,	0
29095464,	0
29095459,	0
29095458,	0
29095456,	0
29098647,	0
29098716,	0
29098714,	0
29098711,	0
29098708,	0
29098706,	0
29098700,	0
29098698,	0
29098692,	0
29098690,	0
29098748,	0
29098746,	0
29098740,	0
29098738,	0
29098736,	0
29098732,	0
29098730,	0
29098724,	0
29098722,	0
29098783,	0
29098782,	0
29098780,	0
29098778,	0
29098776,	0
29098774,	0
29098772,	0
29098770,	0
29098768,	0
29098767,	0
29098764,	0
29098762,	0
29098759,	0
29098756,	0
29098754,	0
29098815,	0
29098811,	0
29098810,	0
29098807,	0
29098806,	0
29098804,	0
29098802,	0
29098800,	0
29098798,	0
29098796,	0
29098794,	0
29098792,	0
29098788,	0
29098786,	0
29098846,	0
29098844,	0
29098842,	0
29098841,	0
29098840,	0
29098839,	0
29098838,	0
29098836,	0
29098834,	0
29098833,	0
29098830,	0
29098828,	0
29098826,	0
29098825,	0
29098822,	0
29098820,	0
29098818,	0
29098877,	0
29098876,	0
29098875,	0
29098874,	0
29098872,	0
29098868,	0
29098866,	0
29098865,	0
29098864,	0
29098862,	0
29098860,	0
29098858,	0
29098857,	0
29098856,	0
29098854,	0
29098852,	0
29098850,	0
29098849,	0
29098848,	0
29098907,	0
29098906,	0
29098904,	0
29098903,	0
29098899,	0
29098898,	0
29098896,	0
29098891,	0
29098890,	0
29098888,	0
29098883,	0
29098882,	0
29098939,	0
29098938,	0
29098936,	0
29098931,	0
29098930,	0
29098928,	0
29098923,	0
29098922,	0
29098920,	0
29098915,	0
29098914,	0
29098912,	0
29098973,	0
29098972,	0
29098967,	0
29098965,	0
29098964,	0
29098959,	0
29098957,	0
29098956,	0
29099005,	0
29099004,	0
29098997,	0
29098996,	0
29098989,	0
29098988,	0
