29107678,	0
29107677,	0
29107675,	0
29107673,	0
29107672,	0
29107671,	192
29107670,	0
29107669,	0
29107667,	0
29107665,	0
29107664,	44
29107663,	0
29107662,	0
29107661,	0
29107659,	0
29107657,	0
29107656,	0
29107655,	0
29107654,	0
29107653,	0
29107651,	0
29107649,	0
29107648,	0
29107711,	0
29107710,	0
29107709,	0
29107707,	0
29107705,	0
29107704,	0
29107703,	136
29107702,	0
29107701,	0
29107699,	0
29107697,	0
29107696,	34
29107695,	0
29107694,	0
29107693,	0
29107691,	0
29107689,	0
29107688,	0
29107687,	196
29107686,	0
29107685,	196
29107683,	28
29107681,	0
29107680,	0
29107727,	0
29107726,	0
29107725,	0
29107723,	0
29107721,	0
29107720,	0
29107719,	0
29107718,	0
29107717,	0
29107715,	0
29107713,	0
29107712,	196
29110917,	0
29110916,	0
29111071,	0
29111070,	0
29111069,	0
29111068,	0
29111067,	0
29111066,	0
29111065,	0
29111064,	0
29111063,	0
29111057,	0
29111056,	0
29111053,	0
29111052,	0
29111051,	0
29111048,	0
29111045,	0
29111044,	0
29111043,	0
29111101,	0
29111088,	0
29111080,	0
29111079,	0
29111078,	0
29111077,	0
29111076,	0
29111073,	0
29111133,	0
29111132,	188
29111128,	0
29111125,	0
29111124,	0
29111123,	0
29111120,	0
29111117,	0
29111116,	196
29111115,	0
29111112,	196
29111109,	0
29111108,	0
29111107,	0
29111165,	0
29111164,	0
29111163,	0
29111160,	0
29111157,	0
29111156,	0
29111155,	0
29111152,	0
29111149,	0
29111148,	0
29111147,	0
29111144,	0
29111141,	0
29111140,	0
29111139,	0
29111136,	0
29111197,	196
29111196,	196
29111195,	196
29111192,	0
29111189,	0
29111188,	0
29111187,	196
29111184,	196
29111181,	196
29111180,	196
29111179,	196
29111176,	0
29111173,	0
29111172,	0
29111171,	0
29111168,	0
29111229,	0
29111228,	0
29111227,	0
29111261,	0
29111260,	0
29111259,	0
29111256,	0
29111253,	0
29111252,	0
29111251,	0
29111248,	0
29111245,	0
29111244,	0
29111243,	0
29111240,	0
29111237,	0
29111236,	0
29111293,	0
29111292,	0
29111291,	0
29111288,	0
29111285,	196
29111284,	0
29111283,	0
29111280,	196
29111277,	196
29111276,	0
29111275,	0
29111272,	0
29111269,	196
