29176970,	0
29176969,	0
29176967,	0
29176966,	0
29176963,	0
29176961,	0
29177022,	0
29177009,	0
29177003,	0
29177002,	0
29177000,	0
29176994,	192
29176993,	0
29176992,	196
29177053,	192
29177051,	192
29177048,	148
29177047,	0
29177044,	0
29177042,	0
29177041,	0
29177040,	196
29177039,	0
29177037,	0
29177034,	0
29177033,	0
29177031,	0
29177029,	0
29177026,	0
29177025,	0
29177024,	0
29177082,	0
29177080,	0
29177073,	0
29177071,	0
29177066,	0
29177063,	0
29177058,	0
29177057,	0
29177056,	0
29177119,	0
29177118,	169
29177117,	0
29177115,	0
29177113,	0
29177106,	0
29177104,	0
29177103,	0
29177099,	0
29177098,	0
29177097,	0
29177095,	0
29177093,	196
29177092,	28
29177089,	0
29177088,	0
29177149,	0
29177147,	0
29177145,	0
29177143,	0
29177142,	0
29177140,	0
29177139,	0
29177136,	0
29177133,	0
29177131,	0
29177128,	34
29177124,	0
29177122,	0
29177121,	56
29177120,	192
29177181,	0
29177180,	0
29177179,	0
29177177,	0
29177176,	0
29177174,	0
29177173,	56
29177170,	0
29177169,	0
29177168,	0
29177167,	0
29177166,	0
29177164,	0
29177163,	0
29177161,	0
29177159,	0
29177158,	0
29177154,	0
29177153,	0
29177152,	0
29177215,	0
29177212,	0
29177211,	0
29177210,	0
29177203,	0
29177202,	0
29177201,	0
29177200,	0
29177199,	0
29177197,	0
29177196,	0
29177195,	0
29177194,	0
29177192,	0
29177190,	0
29177188,	0
29177186,	0
29177184,	192
29177245,	0
29177244,	0
29177243,	0
29177241,	0
29177239,	0
29177238,	0
29177237,	0
29177236,	0
29177234,	0
29177233,	0
29177232,	196
29177230,	0
29177228,	0
29177225,	0
29177223,	0
29177221,	0
29177220,	0
29177218,	0
29177217,	0
29177216,	0
29177279,	0
29177275,	0
29177273,	0
29177272,	0
29177271,	0
29177265,	0
29177264,	0
29177262,	0
29177260,	0
29177259,	0
29177258,	0
29177257,	0
29177256,	0
29177255,	0
29177252,	0
29177250,	0
29177248,	0
29177311,	0
29177310,	0
29177309,	196
29177308,	0
29177306,	0
29177303,	0
29177301,	0
29177300,	0
29177299,	144
29177297,	0
29177295,	0
29177294,	0
29177292,	0
29177290,	0
29177289,	0
29177285,	0
