29193011,	0
29193008,	0
29193006,	0
29193003,	0
29193002,	0
29193001,	0
29193000,	0
29192997,	0
29192996,	0
29192994,	0
29192993,	0
29192992,	0
29193055,	196
29193054,	0
29193053,	0
29193052,	0
29193051,	0
29193050,	0
29193049,	0
29193048,	0
29193047,	0
29193046,	0
29193045,	0
29193044,	0
29193043,	0
29193042,	0
29193040,	0
29193038,	0
29193037,	0
29193036,	0
29193035,	0
29193034,	0
29193033,	0
29193032,	0
29193031,	0
29193030,	0
29193029,	0
29193028,	0
29193027,	0
29193026,	0
29193024,	0
29193087,	0
29193086,	0
29193085,	0
29193083,	0
29193082,	0
29193080,	0
29193078,	0
29193077,	0
29193076,	0
29193075,	0
29193074,	0
29193073,	0
29193072,	0
29193071,	0
29193070,	0
29193069,	0
29193067,	0
29193066,	0
29193065,	0
29193064,	0
29193063,	0
29193062,	0
29193061,	0
29193059,	0
29193057,	0
29193056,	196
29193119,	0
29193117,	0
29193116,	196
29193115,	0
29193114,	0
29193113,	0
29193112,	0
29193111,	0
29193110,	0
29193109,	0
29193108,	0
29193107,	0
29193106,	0
29193105,	0
29193104,	0
29193103,	0
29193102,	0
29193101,	0
29193100,	0
29193099,	0
29193098,	0
29193097,	0
29193096,	0
29193095,	0
29193093,	0
29193092,	0
29193091,	0
29193090,	0
29193089,	0
29193088,	0
29193151,	0
29193150,	0
29193149,	0
29193148,	0
29193147,	0
29193146,	0
29193144,	0
29193143,	0
29193142,	0
29193141,	0
29193140,	0
29193139,	0
29193138,	0
29193137,	0
29193136,	0
29193135,	0
29193134,	0
29193133,	0
29193132,	0
29193131,	0
29193130,	0
29193129,	0
29193128,	0
29193127,	0
29193125,	0
29193124,	0
29193123,	196
29193122,	0
29193121,	0
29193120,	196
29193183,	196
29193182,	0
29193181,	0
29193180,	0
29193179,	0
29193178,	0
29193177,	0
29193176,	0
29193175,	0
29193174,	0
29193173,	0
29193172,	0
29193171,	0
29193170,	0
29193168,	0
29193167,	0
29193166,	0
29193165,	0
29193164,	0
29193163,	0
29193162,	0
29193161,	0
29193160,	0
29193159,	0
29193157,	0
29193156,	0
29193155,	0
29193154,	0
29193152,	0
29193215,	0
29193213,	0
29193212,	0
29193211,	0
29193210,	0
29193209,	0
29193208,	0
29193207,	0
