29193206,	0
29193205,	0
29193204,	0
29193203,	0
29193202,	0
29193200,	0
29193199,	0
29193198,	0
29193197,	0
29193196,	0
29193195,	0
29193194,	0
29193192,	0
29193191,	0
29193189,	0
29193188,	0
29193187,	0
29193186,	0
29193185,	0
29193184,	0
29193247,	0
29193246,	0
29193245,	0
29193244,	196
29193243,	0
29193242,	0
29193241,	0
29193240,	0
29193239,	0
29193238,	0
29193237,	0
29193236,	0
29193235,	0
29193234,	0
29193232,	0
29193231,	0
29193230,	0
29193229,	0
29193228,	0
29193227,	0
29193226,	0
29193224,	0
29193223,	0
29193221,	0
29193220,	0
29193219,	0
29193218,	0
29193216,	0
29193279,	0
29193277,	0
29193276,	0
29193275,	0
29193274,	0
29193272,	0
29193271,	0
29193270,	0
29193269,	0
29193268,	0
29193267,	0
29193266,	0
29193265,	0
29193264,	0
29193263,	0
29193262,	0
29193261,	0
29193260,	0
29193259,	0
29193258,	0
29193256,	0
29193255,	0
29193254,	0
29193253,	0
29193252,	0
29193251,	196
29193250,	0
29193249,	0
29193248,	196
29193311,	0
29193310,	0
29193308,	192
29193306,	0
29193304,	0
29193302,	0
29193301,	144
29193300,	0
29193299,	0
29193298,	0
29193297,	0
29193296,	196
29193294,	0
29193291,	0
29193290,	196
29193288,	196
29193286,	196
29193285,	0
29193283,	0
29193282,	0
29193342,	0
29193337,	0
29193334,	0
29193332,	144
29193330,	0
29193329,	0
29193327,	0
29193326,	0
29193325,	0
29193323,	144
29193321,	0
29193319,	0
29193318,	0
29193317,	0
29193315,	196
29193313,	0
29193312,	0
29193375,	0
29193373,	0
29193372,	0
29193370,	0
29193368,	0
29193367,	48
29193366,	0
29193364,	52
29193363,	0
29193362,	0
29193361,	0
29193360,	0
29193358,	0
29193356,	196
29193355,	96
29193352,	0
29193351,	0
29193350,	0
29193348,	0
29193347,	0
29193346,	0
29193344,	192
29193405,	0
29193404,	0
29193403,	0
29193399,	0
29193398,	0
29193397,	0
29193395,	0
29193392,	31
29193391,	0
29193390,	0
29193387,	0
29193384,	0
29193383,	0
29193382,	0
29193381,	0
29193380,	0
29193379,	0
29193378,	0
29193377,	0
29193376,	0
29193439,	0
29193438,	0
29193437,	0
29193436,	0
29193435,	0
29193434,	0
