29193433,	0
29193432,	0
29193430,	0
29193429,	0
29193428,	0
29193427,	0
29193426,	0
29193423,	0
29193422,	0
29193421,	0
29193420,	0
29193419,	0
29193416,	0
29193414,	0
29193412,	0
29193411,	0
29193410,	0
29193408,	0
29193470,	0
29193467,	0
29193466,	0
29193465,	0
29193463,	0
29193462,	0
29193461,	0
29193460,	0
29193459,	0
29193458,	0
29193456,	0
29193455,	0
29193454,	0
29193453,	0
29193451,	0
29193450,	0
29193448,	0
29193447,	0
29193446,	0
29193443,	0
29193442,	0
29193441,	144
29193440,	0
29193503,	0
29193502,	0
29193500,	0
29193499,	0
29193498,	0
29193497,	0
29193496,	0
29193495,	0
29193494,	0
29193492,	0
29193491,	0
29193490,	0
29193488,	0
29193486,	0
29193482,	0
29193480,	0
29193478,	0
29193477,	0
29193474,	0
29193472,	0
29193535,	0
29193534,	0
29193530,	0
29193529,	0
29193527,	0
29193526,	0
29193524,	0
29193523,	0
29193522,	0
29193521,	0
29193518,	0
29193517,	0
29193516,	0
29193515,	0
29193514,	0
29193512,	0
29193511,	0
29193510,	0
29193509,	0
29193508,	0
29193507,	0
29193506,	0
29193505,	0
29193504,	0
29193567,	0
29193566,	0
29193564,	0
29193562,	0
29193561,	0
29193560,	0
29193559,	0
29193558,	0
29193557,	0
29193556,	0
29193554,	0
29193553,	0
29193552,	0
29193551,	0
29193550,	0
29193549,	0
29193548,	0
29193547,	0
29193545,	0
29193544,	0
29193543,	0
29193542,	0
29193541,	0
29193539,	0
29193538,	0
29193537,	0
29193536,	0
29193598,	0
29193595,	0
29193594,	0
29193590,	0
29193589,	0
29193587,	0
29193585,	0
29193582,	0
29193579,	0
29193578,	0
29193577,	0
29193576,	0
29193574,	0
29193573,	0
29193571,	0
29193570,	0
29193569,	0
29193568,	0
29193631,	0
29193630,	0
29193628,	0
29193627,	0
29193625,	0
29193624,	0
29193623,	0
29193622,	0
29193621,	0
29193620,	0
29193615,	0
29193614,	0
29193613,	0
29193612,	0
29193611,	0
29193610,	0
29193608,	0
29193606,	0
29193605,	0
29193603,	0
29193602,	0
29193601,	0
29193600,	0
29193662,	0
29193661,	0
29193660,	0
29193659,	0
29193657,	0
29193654,	0
29193653,	0
29193652,	0
29193649,	0
29193646,	0
29193645,	0
