29197372,	0
29197371,	0
29197370,	0
29197369,	0
29197367,	196
29197366,	0
29197365,	0
29197364,	0
29197363,	0
29197362,	0
29197361,	0
29197360,	0
29197359,	0
29197358,	0
29197357,	0
29197356,	0
29197355,	0
29197354,	0
29197353,	0
29197351,	0
29197350,	0
29197349,	0
29197348,	0
29197347,	0
29197346,	196
29197345,	196
29197344,	0
29197407,	0
29197406,	144
29197405,	179
29197403,	144
29197401,	0
29197399,	0
29197397,	0
29197396,	144
29197395,	0
29197394,	0
29197393,	196
29197392,	0
29197391,	0
29197387,	196
29197385,	0
29197383,	196
29197380,	0
29197379,	0
29197378,	196
29197439,	0
29197432,	0
29197431,	0
29197429,	144
29197427,	0
29197424,	0
29197423,	0
29197422,	0
29197420,	0
29197418,	144
29197417,	0
29197416,	0
29197415,	0
29197414,	0
29197412,	192
29197410,	0
29197409,	195
29197408,	0
29197470,	0
29197469,	0
29197468,	0
29197467,	0
29197465,	0
29197463,	0
29197462,	48
29197461,	52
29197459,	0
29197458,	96
29197457,	0
29197456,	0
29197455,	0
29197453,	196
29197450,	0
29197449,	0
29197447,	0
29197446,	0
29197445,	0
29197443,	0
29197442,	0
29197441,	192
29197501,	0
29197500,	0
29197498,	0
29197495,	0
29197494,	0
29197492,	0
29197490,	0
29197489,	31
29197487,	0
29197486,	0
29197482,	0
29197481,	0
29197479,	0
29197478,	0
29197477,	0
29197476,	0
29197475,	0
29197474,	0
29197473,	0
29197472,	0
29197535,	0
29197534,	0
29197533,	0
29197532,	0
29197531,	0
29197530,	0
29197529,	0
29197528,	0
29197527,	0
29197525,	0
29197524,	0
29197523,	0
29197522,	0
29197519,	0
29197518,	0
29197517,	0
29197516,	0
29197514,	0
29197513,	0
29197511,	0
29197509,	0
29197507,	52
29197506,	0
29197505,	0
29197567,	0
29197563,	0
29197562,	0
29197560,	0
29197559,	0
29197558,	0
29197557,	0
29197556,	0
29197555,	0
29197554,	0
29197553,	0
29197551,	0
29197550,	0
29197548,	0
29197547,	0
29197546,	0
29197545,	0
29197543,	0
29197542,	0
29197539,	0
29197538,	0
29197537,	0
29197536,	52
29197599,	0
29197598,	0
29197597,	0
29197595,	0
29197594,	0
29197593,	0
29197592,	0
29197591,	0
29197590,	0
29197589,	0
