29197847,	0
29197843,	0
29197841,	0
29197839,	0
29197837,	0
29197836,	0
29197833,	0
29197831,	0
29197830,	0
29197828,	0
29197825,	0
29197887,	0
29197885,	0
29197884,	0
29197880,	0
29197879,	0
29197871,	0
29197868,	0
29197864,	0
29197863,	0
29197862,	0
29197861,	0
29197860,	0
29197859,	0
29197858,	0
29197857,	0
29197856,	0
29197951,	0
29197950,	0
29197949,	0
29197948,	0
29197947,	0
29197946,	0
29197944,	0
29197943,	0
29197941,	0
29197939,	0
29197938,	0
29197937,	0
29197936,	0
29197935,	0
29197931,	0
29197929,	0
29197927,	0
29197926,	180
29197925,	0
29197924,	0
29197922,	0
29197921,	0
