29201339,	0
29201338,	0
29201337,	0
29201335,	0
29201334,	0
29201333,	0
29201332,	0
29201331,	0
29201330,	0
29201329,	0
29201328,	0
29201327,	0
29201326,	0
29201325,	0
29201324,	0
29201323,	0
29201322,	0
29201321,	0
29201320,	0
29201318,	0
29201317,	0
29201316,	0
29201315,	0
29201314,	196
29201313,	196
29201312,	0
29201375,	0
29201374,	196
29201373,	196
29201372,	0
29201371,	0
29201370,	0
29201369,	0
29201368,	0
29201367,	0
29201366,	0
29201365,	0
29201364,	0
29201363,	0
29201362,	0
29201361,	0
29201359,	0
29201358,	0
29201357,	0
29201356,	0
29201355,	0
29201354,	0
29201353,	0
29201352,	0
29201350,	0
29201349,	0
29201348,	0
29201347,	0
29201346,	0
29201345,	0
29201406,	0
29201405,	0
29201404,	0
29201403,	0
29201402,	0
29201401,	0
29201400,	0
29201399,	0
29201398,	0
29201397,	0
29201396,	0
29201395,	0
29201394,	0
29201393,	0
29201391,	0
29201390,	0
29201389,	0
29201388,	0
29201387,	0
29201386,	0
29201385,	0
29201382,	0
29201381,	0
29201380,	0
29201379,	0
29201378,	196
29201377,	196
29201376,	0
29201439,	0
29201438,	0
29201437,	196
29201436,	0
29201435,	0
29201434,	0
29201433,	0
29201432,	0
29201431,	0
29201430,	0
29201429,	0
29201428,	0
29201427,	0
29201426,	0
29201425,	0
29201423,	0
29201422,	0
29201421,	0
29201420,	0
29201419,	0
29201418,	0
29201417,	0
29201414,	0
29201413,	0
29201412,	0
29201411,	0
29201410,	0
29201409,	0
29201470,	0
29201469,	0
29201468,	0
29201467,	0
29201466,	0
29201465,	0
29201463,	0
29201462,	0
29201461,	0
29201460,	0
29201459,	0
29201458,	0
29201457,	0
29201456,	0
29201455,	0
29201454,	0
29201453,	0
29201452,	0
29201451,	0
29201450,	0
29201449,	0
29201447,	0
29201446,	0
29201445,	0
29201444,	0
29201443,	0
29201442,	196
29201441,	196
29201440,	0
29201503,	0
29201502,	0
29201501,	192
29201499,	0
29201497,	0
29201495,	0
29201493,	0
29201492,	144
29201491,	0
29201490,	0
29201489,	196
29201488,	0
29201487,	0
29201483,	196
29201482,	0
29201481,	0
29201479,	196
29201476,	0
29201475,	0
29201474,	196
29201535,	0
29201528,	0
29201527,	0
29201525,	144
