29205253,	0
29205252,	0
29205251,	0
29205250,	0
29205249,	0
29205308,	0
29205307,	0
29205305,	0
29205303,	0
29205301,	0
29205300,	0
29205298,	0
29205297,	0
29205295,	0
29205291,	0
29205290,	0
29205289,	0
29205288,	0
29205285,	0
29205284,	0
29205283,	0
29205281,	0
29205280,	0
29205343,	0
29205342,	0
29205341,	0
29205340,	0
29205339,	0
29205338,	0
29205337,	0
29205336,	0
29205335,	0
29205334,	0
29205333,	0
29205332,	0
29205331,	0
29205330,	0
29205329,	0
29205327,	0
29205325,	0
29205324,	0
29205323,	0
29205322,	0
29205321,	0
29205320,	0
29205319,	0
29205318,	0
29205317,	0
29205316,	0
29205315,	0
29205314,	0
29205313,	0
29205375,	0
29205374,	0
29205372,	0
29205371,	0
29205370,	0
29205369,	0
29205367,	0
29205365,	0
29205364,	0
29205363,	0
29205362,	0
29205361,	0
29205360,	0
29205359,	0
29205358,	0
29205356,	0
29205355,	0
29205354,	0
29205353,	0
29205352,	0
29205351,	0
29205350,	0
29205348,	0
29205346,	0
29205345,	0
29205344,	0
29205406,	0
29205405,	0
29205404,	0
29205403,	0
29205402,	0
29205401,	0
29205400,	0
29205399,	0
29205398,	0
29205397,	0
29205396,	0
29205395,	0
29205394,	0
29205393,	0
29205392,	0
29205391,	0
29205390,	0
29205389,	0
29205388,	0
29205387,	0
29205386,	0
29205385,	0
29205384,	0
29205382,	0
29205381,	0
29205380,	0
29205379,	0
29205378,	0
29205377,	0
29205376,	0
29205439,	0
29205438,	0
29205437,	0
29205436,	0
29205435,	0
29205434,	0
29205433,	0
29205431,	0
29205430,	0
29205429,	0
29205428,	0
29205427,	0
29205426,	0
29205425,	0
29205424,	0
29205423,	0
29205422,	0
29205421,	0
29205420,	0
29205419,	0
29205418,	0
29205417,	0
29205416,	0
29205414,	0
29205413,	0
29205412,	0
29205411,	0
29205410,	0
29205409,	0
29205408,	0
29205471,	0
29205470,	0
29205469,	0
29205468,	0
29205467,	0
29205466,	0
29205465,	0
29205464,	0
29205463,	0
29205462,	0
29205461,	0
29205460,	0
29205459,	0
29205458,	0
29205457,	0
29205455,	0
29205454,	0
29205453,	0
29205452,	0
29205451,	0
29205450,	0
29205449,	0
29205448,	0
29205446,	0
29205445,	0
