29221683,	0
29221682,	0
29221681,	0
29221680,	0
29221679,	0
29221678,	0
29221677,	0
29221676,	0
29221675,	196
29221674,	0
29221673,	0
29221672,	0
29221671,	0
29221670,	0
29221669,	0
29221668,	0
29221667,	0
29221666,	0
29221665,	0
29221664,	0
29221727,	0
29221726,	0
29221725,	0
29221724,	0
29221723,	0
29221722,	0
29221721,	0
29221720,	0
29221719,	0
29221718,	0
29221717,	0
29221716,	0
29221715,	0
29221714,	0
29221713,	0
29221712,	0
29221711,	196
29221710,	0
29221709,	0
29221708,	0
29221707,	0
29221706,	0
29221705,	0
29221704,	0
29221703,	0
29221702,	0
29221701,	0
29221700,	0
29221699,	0
29221698,	0
29221697,	0
29221696,	0
29221759,	0
29221758,	0
29221757,	0
29221756,	0
29221755,	0
29221754,	0
29221753,	0
29221752,	0
29221751,	0
29221750,	0
29221749,	0
29221748,	0
29221747,	0
29221746,	0
29221745,	0
29221744,	0
29221743,	0
29221742,	0
29221741,	0
29221740,	196
29221739,	0
29221738,	0
29221737,	0
29221736,	0
29221735,	0
29221734,	0
29221733,	0
29221732,	0
29221731,	0
29221730,	0
29221729,	0
29221728,	0
29221791,	0
29221790,	0
29221789,	0
29221788,	0
29221787,	0
29221786,	0
29221785,	0
29221784,	0
29221783,	0
29221782,	0
29221781,	0
29221780,	0
29221779,	0
29221778,	0
29221777,	0
29221776,	0
29221775,	0
29221774,	0
29221773,	0
29221772,	0
29221771,	0
29221770,	0
29221769,	0
29221768,	0
29221767,	0
29221766,	0
29221765,	0
29221764,	0
29221763,	0
29221762,	0
29221761,	0
29221760,	0
29221823,	0
29221822,	0
29221821,	0
29221820,	0
29221819,	196
29221818,	0
29221817,	0
29221816,	0
29221815,	0
29221814,	0
29221813,	0
29221812,	0
29221811,	0
29221810,	0
29221809,	0
29221808,	0
29221807,	0
29221806,	0
29221805,	0
29221804,	0
29221803,	196
29221802,	0
29221801,	0
29221800,	0
29221799,	0
29221798,	0
29221797,	0
29221796,	0
29221795,	0
29221794,	0
29221793,	0
29221792,	0
29221855,	0
29221854,	0
29221853,	0
29221852,	0
29221851,	0
29221850,	0
29221849,	0
29221848,	0
29221847,	0
29221846,	0
29221845,	0
29221844,	0
29221843,	0
29221842,	0
29221841,	0
29221840,	0
