29222200,	0
29222199,	0
29222198,	0
29222197,	0
29222196,	0
29222195,	0
29222194,	0
29222193,	0
29222192,	0
29222191,	0
29222190,	0
29222189,	0
29222188,	0
29222187,	0
29222186,	0
29222185,	0
29222184,	0
29222183,	0
29222182,	0
29222181,	0
29222180,	0
29222179,	0
29222178,	0
29222177,	0
29222176,	0
29222239,	0
29222238,	0
29222237,	0
29222236,	0
29222235,	0
29222234,	0
29222233,	0
29222232,	0
29222231,	196
29222230,	0
29222229,	0
29222228,	0
29222227,	0
29222226,	0
29222225,	0
29222224,	0
29222223,	0
29222222,	0
29222221,	0
29222220,	0
29222219,	0
29222218,	0
29222217,	0
29222216,	0
29222215,	0
29222214,	0
29222213,	0
29222212,	0
29222211,	0
29222210,	0
29222209,	0
29222208,	0
29222271,	0
29222270,	0
29222269,	0
29222268,	0
29222267,	0
29222266,	0
29222265,	0
29222264,	0
29222263,	0
29222262,	0
29222261,	0
29222260,	0
29222259,	0
29222258,	0
29222257,	0
29222256,	0
29222255,	0
29222254,	0
29222253,	0
29222252,	0
29222251,	0
29222250,	0
29222249,	0
29222248,	0
29222247,	0
29222246,	0
29222245,	0
29222244,	0
29222243,	0
29222242,	0
29222241,	0
29222240,	0
29222303,	0
29222302,	0
29222301,	0
29222300,	0
29222299,	0
29222298,	0
29222297,	0
29222296,	0
29222295,	0
29222294,	0
29222293,	0
29222292,	0
29222291,	0
29222290,	0
29222289,	0
29222288,	0
29222287,	0
29222286,	0
29222285,	0
29222284,	0
29222283,	0
29222282,	0
29222281,	0
29222280,	0
29222279,	0
29222278,	0
29222277,	0
29222276,	0
29222275,	0
29222274,	0
29222273,	0
29222272,	0
29222335,	0
29222334,	0
29222333,	0
29222332,	0
29222331,	0
29222330,	0
29222329,	0
29222328,	0
29222327,	0
29222326,	0
29222325,	0
29222324,	0
29222323,	0
29222322,	0
29222321,	0
29222320,	0
29222319,	0
29222318,	0
29222317,	0
29222316,	0
29222315,	0
29222314,	0
29222313,	0
29222312,	0
29222311,	0
29222310,	0
29222309,	0
29222308,	0
29222307,	0
29222306,	0
29222305,	0
29222304,	0
29222367,	0
29222366,	0
29222365,	0
29222364,	0
29222363,	0
29222362,	0
29222361,	0
29222360,	0
29222359,	0
29222358,	0
