29234260,	0
29234259,	0
29234258,	0
29234257,	0
29234256,	0
29234255,	0
29234254,	0
29234253,	0
29234252,	0
29234251,	0
29234250,	0
29234249,	0
29234248,	0
29234247,	0
29234246,	0
29234245,	0
29234244,	0
29234243,	0
29234242,	0
29234241,	0
29234240,	0
29234287,	0
29234286,	0
29234285,	0
29234284,	0
29234283,	0
29234282,	0
29234281,	0
29234280,	0
29234279,	0
29234278,	0
29234277,	0
29234276,	0
29234275,	0
29234274,	0
29234273,	0
29234272,	0
29234335,	0
29234334,	0
29234333,	0
29234332,	0
29234331,	98
29234330,	0
29234329,	196
29234328,	0
29234327,	0
29234326,	0
29234325,	0
29234324,	0
29234323,	98
29234322,	0
29234321,	196
29234320,	0
29234319,	100
29234318,	96
29234317,	0
29234316,	0
29234315,	0
29234314,	0
29234313,	0
29234312,	0
29234311,	0
29234310,	0
29234309,	0
29234308,	0
29234307,	0
29234306,	0
29234305,	0
29234304,	0
29234367,	0
29234366,	0
29234365,	0
29234364,	0
29234363,	0
29234362,	0
29234361,	0
29234360,	0
29234359,	0
29234358,	0
29234357,	0
29234356,	0
29234355,	0
29234354,	0
29234353,	0
29234352,	0
29234351,	0
29234350,	0
29234349,	98
29234348,	196
29234347,	0
29234346,	0
29234345,	0
29234344,	0
29234343,	0
29234342,	0
29234341,	98
29234340,	196
29234339,	0
29234338,	0
29234337,	0
29234336,	0
29234399,	0
29234398,	0
29234397,	0
29234396,	0
29234395,	0
29234394,	0
29234393,	0
29234392,	0
29234391,	0
29234390,	0
29234389,	0
29234388,	0
29234387,	0
29234386,	0
29234385,	0
29234384,	0
29234383,	0
29234382,	0
29234381,	0
29234380,	0
29234379,	0
29234378,	0
29234377,	0
29234376,	0
29234375,	0
29234374,	0
29234373,	0
29234372,	0
29234371,	0
29234370,	0
29234369,	0
29234368,	0
29234431,	0
29234430,	0
29234429,	0
29234428,	0
29234427,	0
29234426,	0
29234425,	0
29234424,	0
29234423,	0
29234422,	0
29234421,	0
29234420,	98
29234419,	0
29234418,	0
29234417,	0
29234416,	0
29234415,	196
29234414,	0
29234413,	0
29234412,	0
29234411,	0
29234410,	0
29234409,	0
29234408,	0
29234407,	0
29234406,	0
29234405,	0
29234404,	0
29234403,	0
29234402,	0
