29234810,	0
29234809,	0
29234808,	0
29234807,	0
29234806,	0
29234805,	0
29234804,	0
29234803,	0
29234802,	0
29234801,	0
29234800,	0
29234799,	0
29234798,	0
29234797,	0
29234796,	0
29234795,	0
29234794,	0
29234793,	0
29234792,	0
29234791,	0
29234790,	0
29234789,	0
29234788,	0
29234787,	0
29234786,	0
29234785,	0
29234784,	0
29234847,	0
29234846,	0
29234845,	0
29234844,	0
29234843,	0
29234842,	0
29234841,	0
29234840,	0
29234839,	0
29234838,	0
29234837,	0
29234836,	0
29234835,	0
29234834,	0
29234833,	0
29234832,	0
29234831,	0
29234830,	0
29234829,	0
29234828,	0
29234827,	0
29234826,	0
29234825,	0
29234824,	0
29234823,	0
29234822,	0
29234821,	0
29234820,	0
29234819,	0
29234818,	0
29234817,	0
29234816,	0
29234879,	0
29234878,	0
29234877,	0
29234876,	0
29234875,	0
29234874,	0
29234873,	0
29234872,	0
29234871,	0
29234870,	0
29234869,	0
29234868,	0
29234867,	0
29234866,	0
29234865,	0
29234864,	0
29234863,	0
29234862,	0
29234861,	0
29234860,	0
29234859,	0
29234858,	0
29234857,	0
29234856,	0
29234855,	0
29234854,	0
29234853,	0
29234852,	0
29234851,	0
29234850,	0
29234849,	0
29234848,	0
29234911,	0
29234910,	0
29234909,	0
29234908,	0
29234907,	0
29234906,	0
29234905,	0
29234904,	0
29234903,	0
29234902,	0
29234901,	0
29234900,	0
29234899,	0
29234898,	0
29234897,	0
29234896,	0
29234895,	0
29234894,	0
29234893,	0
29234892,	0
29234891,	0
29234890,	0
29234889,	0
29234888,	0
29234887,	0
29234886,	0
29234885,	0
29234884,	0
29234883,	0
29234882,	0
29234881,	0
29234880,	0
29234943,	0
29234942,	0
29234941,	0
29234940,	0
29234939,	0
29234938,	0
29234937,	0
29234936,	0
29234935,	0
29234934,	0
29234933,	0
29234932,	0
29234931,	0
29234930,	0
29234929,	0
29234928,	0
29234927,	0
29234926,	0
29234925,	0
29234924,	0
29234923,	0
29234922,	0
29234921,	0
29234920,	0
29234919,	0
29234918,	0
29234917,	0
29234916,	0
29234915,	0
29234914,	0
29234913,	0
29234912,	0
29234975,	0
29234974,	0
29234973,	0
29234972,	0
29234971,	0
29234970,	0
29234969,	0
29234968,	0
