29235123,	0
29235122,	0
29235121,	0
29235120,	0
29235119,	0
29235118,	0
29235117,	0
29235116,	0
29235115,	0
29235114,	0
29235113,	0
29235112,	0
29235111,	0
29235110,	0
29235109,	0
29235108,	0
29235107,	0
29235106,	0
29235105,	0
29235104,	0
29235167,	0
29235166,	0
29235165,	0
29235164,	0
29235163,	0
29235162,	0
29235161,	0
29235160,	0
29235159,	0
29235158,	0
29235157,	0
29235156,	0
29235155,	0
29235154,	0
29235153,	0
29235152,	0
29235151,	0
29235150,	0
29235149,	0
29235148,	0
29235147,	0
29235146,	0
29235145,	0
29235144,	0
29235143,	0
29235142,	0
29235141,	0
29235140,	0
29235139,	0
29235138,	0
29235137,	0
29235136,	0
29235199,	0
29235198,	0
29235197,	0
29235196,	0
29235195,	0
29235194,	0
29235193,	0
29235192,	0
29235191,	0
29235190,	0
29235189,	0
29235188,	0
29235187,	0
29235186,	0
29235185,	0
29235184,	0
29235183,	0
29235182,	0
29235181,	0
29235180,	0
29235179,	0
29235178,	0
29235177,	0
29235176,	0
29235175,	0
29235174,	0
29235173,	0
29235172,	0
29235171,	0
29235170,	0
29235169,	0
29235168,	0
29235231,	0
29235230,	0
29235229,	0
29235228,	0
29235227,	0
29235226,	0
29235225,	0
29235224,	0
29235223,	0
29235222,	0
29235221,	0
29235220,	0
29235219,	0
29235218,	0
29235217,	0
29235216,	0
29235215,	0
29235214,	0
29235213,	0
29235212,	0
29235211,	0
29235210,	0
29235209,	0
29235208,	0
29235207,	0
29235206,	0
29235205,	0
29235204,	0
29235203,	196
29235202,	0
29235201,	0
29235200,	0
29235263,	0
29235262,	0
29235261,	0
29235260,	0
29235259,	0
29235258,	0
29235257,	0
29235256,	0
29235255,	0
29235254,	0
29235253,	0
29235252,	0
29235251,	0
29235250,	0
29235249,	0
29235248,	0
29235247,	0
29235246,	0
29235245,	0
29235244,	0
29235243,	0
29235242,	0
29235241,	0
29235240,	0
29235239,	0
29235238,	0
29235237,	0
29235236,	0
29235235,	0
29235234,	0
29235233,	0
29235232,	0
29235295,	0
29235294,	0
29235293,	0
29235292,	0
29235291,	0
29235290,	0
29235289,	0
29235288,	0
29235287,	0
29235286,	0
29235285,	0
29235284,	0
29235283,	0
29235282,	0
29235281,	0
