29242620,	0
29242619,	0
29242618,	0
29242610,	0
29242607,	0
29242606,	0
29242603,	0
29242600,	0
29242598,	0
29242597,	0
29242596,	0
29242595,	0
29242594,	0
29242593,	0
29242592,	0
29242654,	0
29242653,	0
29242652,	0
29242651,	0
29242650,	0
29242649,	0
29242648,	0
29242645,	0
29242644,	0
29242641,	0
29242640,	0
29242639,	0
29242634,	0
29242633,	0
29242631,	0
29242628,	0
29242627,	0
29242626,	0
29242625,	0
29242624,	0
29242686,	0
29242685,	0
29242684,	0
29242683,	0
29242682,	0
29242681,	0
29242680,	0
29242677,	0
29242674,	0
29242671,	0
29242670,	0
29242667,	0
29242664,	0
29242662,	0
29242661,	0
29242660,	0
29242659,	0
29242658,	0
29242657,	0
29242656,	0
29242718,	0
29242717,	0
29242716,	0
29242715,	0
29242714,	0
29242713,	0
29242712,	0
29242705,	0
29242704,	0
29242703,	0
29242699,	0
29242698,	0
29242697,	0
29242696,	0
29242695,	0
29242693,	0
29242692,	0
29242691,	0
29242690,	0
29242689,	0
29242688,	0
29242750,	0
29242749,	0
29242748,	0
29242747,	0
29242746,	0
29242745,	0
29242744,	0
29242741,	0
29242738,	0
29242735,	196
29242734,	0
29242726,	0
29242725,	0
29242724,	0
29242723,	0
29242722,	0
29242721,	0
29242720,	0
29242782,	0
29242781,	0
29242780,	0
29242779,	0
29242778,	0
29242777,	0
29242776,	0
29242773,	0
29242772,	0
29242769,	0
29242768,	0
29242767,	0
29242762,	0
29242761,	0
29242759,	0
29242756,	0
29242755,	0
29242754,	0
29242753,	0
29242752,	0
29242814,	0
29242813,	0
29242812,	0
29242811,	0
29242810,	0
29242809,	0
29242808,	0
29242805,	0
29242802,	0
29242799,	0
29242798,	0
29242795,	0
29242792,	0
29242790,	0
29242789,	0
29242788,	0
29242787,	0
29242786,	0
29242785,	0
29242784,	0
29242845,	0
29242844,	0
29242833,	0
29242832,	0
29242830,	0
29242829,	0
29242820,	0
29242819,	0
29242878,	0
29242877,	0
29242876,	0
29242875,	0
29242874,	0
29242866,	0
29242865,	0
29242864,	0
29242863,	196
29242862,	0
29242854,	0
29242853,	0
29242852,	0
29242851,	0
29242850,	0
29242849,	0
29242848,	0
29242910,	0
29242909,	0
29242908,	0
29242907,	0
