29242906,	0
29242905,	0
29242904,	0
29242897,	0
29242896,	0
29242895,	0
29242894,	0
29242892,	0
29242884,	0
29242883,	0
29242882,	0
29242881,	0
29242880,	0
29242942,	0
29242941,	0
29242940,	0
29242939,	0
29242938,	0
29242930,	0
29242929,	0
29242928,	0
29242927,	0
29242926,	0
29242918,	0
29242917,	0
29242916,	0
29242915,	0
29242914,	0
29242913,	0
29242912,	0
29243006,	0
29243005,	0
29243003,	0
29243002,	0
29243001,	0
29243000,	0
29242993,	0
29242992,	0
29242991,	0
29242990,	0
29242988,	0
29242980,	0
29242978,	0
29242977,	0
29242976,	0
29243038,	0
29243037,	0
29243036,	0
29243035,	0
29243026,	0
29243025,	0
29243024,	0
29243023,	0
29243022,	0
29243014,	0
29243013,	0
29243012,	0
29243011,	0
29243010,	0
29243008,	0
29243070,	0
29243069,	0
29243067,	0
29243066,	0
29243065,	0
29243064,	0
29243057,	0
29243056,	0
29243055,	0
29243054,	0
29243052,	0
29243044,	0
29243042,	0
29243041,	0
29243040,	0
29243102,	0
29243101,	0
29243100,	0
29243099,	0
29243090,	0
29243089,	0
29243088,	0
29243087,	0
29243086,	0
29243078,	0
29243077,	0
29243076,	0
29243075,	0
29243074,	0
29243072,	0
29243134,	0
29243133,	0
29243132,	0
29243131,	0
29243130,	0
29243129,	0
29243128,	0
29243121,	0
29243120,	0
29243119,	0
29243118,	0
29243116,	0
29243108,	0
29243107,	0
29243106,	0
29243105,	0
29243104,	0
29243166,	0
29243165,	0
29243164,	0
29243163,	0
29243162,	0
29243154,	0
29243153,	0
29243152,	0
29243151,	0
29243150,	0
29243142,	0
29243141,	0
29243140,	0
29243139,	196
29243138,	0
29243137,	0
29243136,	0
29243198,	0
29243197,	0
29243195,	0
29243194,	0
29243193,	0
29243192,	0
29243185,	0
29243184,	0
29243183,	0
29243182,	0
29243180,	0
29243172,	0
29243170,	0
29243169,	0
29243168,	0
29243230,	0
29243229,	0
29243228,	0
29243227,	0
29243218,	0
29243217,	0
29243216,	0
29243215,	0
29243214,	0
29243206,	0
29243205,	0
29243204,	0
29243203,	196
29243202,	0
29243200,	0
29243262,	0
29243261,	0
29243259,	196
29243258,	0
29243257,	196
29243256,	0
29243249,	0
29243248,	0
29243247,	0
29243246,	0
