29246742,	0
29246741,	0
29246740,	0
29246739,	0
29246738,	0
29246737,	0
29246736,	0
29246735,	0
29246734,	0
29246733,	0
29246732,	0
29246731,	0
29246730,	0
29246729,	0
29246728,	0
29246727,	0
29246726,	0
29246725,	0
29246724,	0
29246723,	0
29246722,	0
29246721,	0
29246720,	0
29246783,	0
29246782,	0
29246781,	0
29246780,	0
29246779,	0
29246778,	0
29246777,	0
29246776,	0
29246775,	0
29246774,	0
29246773,	0
29246772,	0
29246771,	0
29246770,	0
29246769,	0
29246768,	0
29246767,	0
29246766,	0
29246765,	0
29246764,	0
29246763,	0
29246762,	0
29246761,	0
29246760,	0
29246759,	0
29246758,	0
29246757,	0
29246756,	0
29246755,	0
29246754,	0
29246753,	0
29246752,	0
29246815,	0
29246814,	0
29246813,	196
29246812,	0
29246811,	0
29246810,	0
29246809,	0
29246808,	0
29246807,	0
29246806,	0
29246805,	196
29246804,	0
29246803,	0
29246802,	0
29246801,	0
29246800,	0
29246799,	0
29246798,	0
29246797,	0
29246796,	0
29246795,	0
29246794,	0
29246793,	0
29246792,	0
29246791,	0
29246790,	0
29246789,	0
29246788,	0
29246787,	0
29246786,	0
29246785,	0
29246784,	0
29246847,	0
29246846,	0
29246845,	0
29246844,	0
29246843,	0
29246842,	0
29246841,	0
29246840,	196
29246839,	0
29246838,	0
29246837,	0
29246836,	0
29246835,	0
29246834,	0
29246833,	0
29246832,	0
29246831,	0
29246830,	0
29246829,	0
29246828,	0
29246827,	0
29246826,	0
29246825,	0
29246824,	0
29246823,	0
29246822,	0
29246821,	0
29246820,	0
29246819,	0
29246818,	0
29246817,	0
29246816,	0
29246879,	0
29246878,	196
29246877,	0
29246876,	0
29246875,	0
29246874,	0
29246873,	0
29246872,	0
29246871,	0
29246870,	196
29246869,	0
29246868,	0
29246867,	0
29246866,	0
29246865,	0
29246864,	0
29246863,	0
29246862,	0
29246861,	0
29246860,	0
29246859,	0
29246858,	0
29246857,	0
29246856,	0
29246855,	0
29246854,	0
29246853,	0
29246852,	0
29246851,	0
29246850,	0
29246849,	0
29246848,	0
29246911,	0
29246910,	0
29246909,	0
29246908,	0
29246907,	0
29246906,	0
29246905,	0
29246904,	0
29246903,	0
29246902,	0
29246901,	0
29246900,	0
29246899,	0
