29250941,	0
29250940,	0
29250939,	0
29250938,	0
29250937,	0
29250936,	0
29250935,	0
29250934,	0
29250933,	0
29250932,	0
29250931,	0
29250930,	0
29250929,	0
29250928,	0
29250927,	0
29250926,	0
29250925,	0
29250924,	0
29250923,	0
29250922,	0
29250921,	0
29250920,	0
29250919,	0
29250918,	0
29250917,	0
29250916,	0
29250915,	0
29250914,	0
29250913,	0
29250912,	0
29250975,	0
29250974,	0
29250973,	0
29250972,	0
29250971,	0
29250970,	0
29250969,	0
29250968,	0
29250967,	0
29250966,	0
29250965,	0
29250964,	0
29250963,	0
29250962,	0
29250961,	0
29250960,	0
29250959,	0
29250958,	0
29250957,	0
29250956,	0
29250955,	0
29250954,	0
29250953,	0
29250952,	0
29250951,	0
29250950,	0
29250949,	0
29250948,	0
29250947,	0
29250946,	0
29250945,	0
29250944,	0
29251007,	0
29251006,	0
29251005,	0
29251004,	0
29251003,	0
29251002,	196
29251001,	0
29251000,	0
29250999,	0
29250998,	0
29250997,	0
29250996,	0
29250995,	0
29250994,	0
29250993,	0
29250992,	0
29250991,	0
29250990,	0
29250989,	0
29250988,	0
29250987,	0
29250986,	0
29250985,	0
29250984,	0
29250983,	0
29250982,	0
29250981,	0
29250980,	0
29250979,	0
29250978,	0
29250977,	0
29250976,	0
29251039,	0
29251038,	0
29251037,	0
29251036,	0
29251035,	0
29251034,	0
29251033,	0
29251032,	0
29251031,	0
29251030,	0
29251029,	0
29251028,	0
29251027,	0
29251026,	0
29251025,	0
29251024,	0
29251023,	0
29251022,	0
29251021,	0
29251020,	0
29251019,	0
29251018,	0
29251017,	0
29251016,	0
29251015,	0
29251014,	0
29251013,	0
29251012,	0
29251011,	0
29251010,	0
29251009,	0
29251008,	0
29251071,	0
29251070,	0
29251069,	0
29251068,	0
29251067,	0
29251066,	0
29251065,	0
29251064,	0
29251063,	0
29251062,	0
29251061,	0
29251060,	0
29251059,	0
29251058,	0
29251057,	0
29251056,	0
29251055,	0
29251054,	0
29251053,	0
29251052,	0
29251051,	0
29251050,	0
29251049,	0
29251048,	0
29251047,	0
29251046,	0
29251045,	0
29251044,	0
29251043,	0
29251042,	0
29251041,	0
29251040,	0
29251103,	0
29251102,	0
29251101,	0
29251100,	0
29251099,	0
