29251591,	0
29251590,	0
29251589,	0
29251588,	0
29251587,	0
29251586,	0
29251585,	0
29251584,	0
29251711,	0
29251710,	182
29251709,	8
29251708,	0
29251707,	0
29251706,	0
29251705,	0
29251704,	0
29251703,	0
29251702,	0
29251701,	0
29251700,	0
29251699,	0
29251698,	0
29251697,	0
29251696,	0
29251695,	0
29251694,	0
29251693,	0
29251692,	0
29251691,	0
29251690,	0
29251689,	0
29251688,	0
29251687,	0
29251686,	0
29251685,	0
29251684,	0
29251683,	0
29251682,	0
29251681,	0
29251680,	0
29251743,	0
29251742,	0
29251741,	0
29251740,	0
29251739,	0
29251738,	0
29251737,	0
29251736,	0
29251735,	0
29251734,	0
29251733,	0
29251732,	0
29251731,	0
29251730,	0
29251729,	0
29251728,	0
29251727,	0
29251726,	0
29251725,	0
29251724,	0
29251723,	0
29251722,	0
