29255394,	0
29255393,	0
29255392,	0
29255455,	0
29255454,	0
29255453,	0
29255452,	0
29255451,	0
29255450,	0
29255449,	0
29255448,	0
29255447,	0
29255446,	0
29255445,	0
29255444,	0
29255443,	0
29255442,	0
29255441,	0
29255440,	0
29255439,	0
29255438,	0
29255437,	196
29255436,	196
29255435,	0
29255434,	0
29255433,	0
29255432,	0
29255431,	0
29255430,	0
29255429,	0
29255428,	0
29255427,	0
29255426,	0
29255425,	0
29255424,	0
29255679,	0
29255678,	0
29255677,	0
29255676,	0
29255675,	0
29255674,	0
29255673,	0
29255672,	0
29255671,	0
29255670,	0
29255669,	0
29255668,	0
29255667,	0
29255666,	0
29255665,	0
29255664,	0
29255663,	0
29255662,	0
29255661,	0
29255660,	0
29255659,	0
