29258964,	0
29258963,	0
29258962,	0
29258961,	0
29258960,	0
29258959,	0
29258958,	196
29258957,	0
29258956,	0
29258955,	0
29258954,	0
29258953,	0
29258952,	0
29258951,	0
29258950,	196
29258949,	0
29258948,	0
29258947,	0
29258946,	0
29258945,	0
29258944,	0
29259007,	0
29259006,	0
29259005,	0
29259004,	0
29259003,	196
29259002,	0
29259001,	0
29259000,	0
29258999,	0
29258998,	0
29258997,	0
29258996,	0
29258995,	196
29258994,	0
29258993,	0
29258992,	0
29258991,	0
29258990,	0
29258989,	0
29258988,	0
29258987,	0
29258986,	0
29258985,	0
29258984,	0
29258983,	0
29258982,	0
29258981,	0
29258980,	0
29258979,	0
29258978,	0
29258977,	0
29258976,	0
29259039,	0
29259038,	0
29259037,	0
29259036,	0
29259035,	0
29259034,	0
29259033,	0
29259032,	0
29259031,	0
29259030,	0
29259029,	0
29259028,	0
29259027,	0
29259026,	0
29259025,	0
29259024,	0
29259023,	0
29259022,	0
29259021,	0
29259020,	0
29259019,	196
29259018,	0
29259017,	0
29259016,	0
29259015,	0
29259014,	0
29259013,	0
29259012,	0
29259011,	196
29259010,	0
29259009,	0
29259008,	0
29259071,	0
29259070,	196
29259069,	0
29259068,	0
29259067,	0
29259066,	0
29259065,	0
29259064,	0
29259063,	0
29259062,	196
29259061,	0
29259060,	0
29259059,	0
29259058,	0
29259057,	0
29259056,	0
29259055,	0
29259054,	0
29259053,	0
29259052,	0
29259051,	196
29259050,	0
29259049,	0
29259048,	0
29259047,	0
29259046,	0
29259045,	0
29259044,	0
29259043,	196
29259042,	0
29259041,	0
29259040,	0
29259103,	0
29259102,	0
29259101,	0
29259100,	0
29259099,	0
29259098,	0
29259097,	0
29259096,	0
29259095,	0
29259094,	0
29259093,	0
29259092,	0
29259091,	0
29259090,	0
29259089,	0
29259088,	0
29259087,	0
29259086,	0
29259085,	0
29259084,	0
29259083,	0
29259082,	0
29259081,	0
29259080,	0
29259079,	0
29259078,	0
29259077,	0
29259076,	0
29259075,	0
29259074,	0
29259073,	0
29259072,	0
29259135,	0
29259134,	0
29259133,	0
29259132,	0
29259131,	0
29259130,	0
29259129,	0
29259128,	0
29259127,	0
29259126,	0
29259125,	0
29259124,	0
29259123,	0
29259122,	0
