29259277,	0
29259276,	0
29259275,	0
29259274,	0
29259273,	0
29259272,	0
29259271,	0
29259270,	0
29259269,	0
29259268,	0
29259267,	196
29259266,	0
29259265,	0
29259264,	0
29259327,	0
29259326,	0
29259325,	0
29259324,	0
29259323,	0
29259322,	0
29259321,	0
29259320,	0
29259319,	0
29259318,	0
29259317,	0
29259316,	0
29259315,	0
29259314,	0
29259313,	0
29259312,	0
29259311,	0
29259310,	0
29259309,	66
29259308,	0
29259307,	0
29259306,	0
29259305,	0
29259304,	0
29259303,	0
29259302,	0
29259301,	196
29259300,	0
29259299,	0
29259298,	0
29259297,	0
29259296,	0
29259519,	196
29259518,	0
29259517,	0
29259516,	0
29259515,	0
29259514,	0
29259513,	0
29259512,	0
29259511,	0
29259510,	0
29259509,	0
29259508,	0
29259507,	0
29259506,	0
29259505,	0
29259504,	0
29259503,	196
29259502,	0
29259501,	0
29259500,	0
29259499,	0
29259498,	0
29259497,	0
29259496,	0
29259495,	0
29259494,	0
29259493,	0
29259492,	0
29259491,	196
29259490,	0
29259489,	0
29259488,	0
29259551,	0
29259550,	0
29259549,	0
29259548,	0
29259547,	0
29259546,	0
29259545,	0
29259544,	0
29259543,	0
29259542,	0
29259541,	0
29259540,	0
29259539,	0
29259538,	0
29259537,	0
29259536,	0
29259535,	0
29259534,	0
29259533,	0
29259532,	196
29259531,	0
29259530,	0
29259529,	0
29259528,	0
29259527,	0
29259526,	0
29259525,	0
29259524,	0
29259523,	0
29259522,	0
29259521,	0
29259520,	0
29259775,	0
29259774,	0
29259773,	0
29259772,	196
29259771,	0
29259770,	0
29259769,	0
29259768,	0
29259767,	0
29259766,	0
29259765,	0
29259764,	0
29259763,	0
29259762,	0
29259761,	0
29259760,	0
29259759,	0
29259758,	0
29259757,	0
29259756,	0
29259755,	0
29259754,	0
29259753,	10
29259752,	0
29259751,	0
29259750,	0
29259749,	0
29259748,	0
29259747,	0
29259746,	0
29259745,	8
29259744,	0
29259791,	0
29259790,	0
29259789,	0
29259788,	0
29259787,	0
29259786,	0
29259785,	0
29259784,	0
29259783,	0
29259782,	0
29259781,	0
29259780,	0
29259779,	0
29259778,	0
29259777,	0
29259776,	0
29259903,	0
29259902,	0
29259901,	0
29259900,	0
29259899,	0
