29295812,	0
29295811,	196
29295810,	196
29295809,	0
29295808,	0
29295871,	0
29295870,	0
29295865,	0
29295864,	192
29295857,	0
29295856,	0
29295855,	0
29295854,	0
29295853,	0
29295852,	0
29295849,	100
29295847,	0
29295846,	192
29295903,	0
29295902,	0
29295901,	0
29295900,	0
29295899,	0
29295898,	0
29295895,	0
29295894,	0
29295889,	0
29295888,	0
29295883,	0
29295882,	0
29295881,	91
29295880,	0
29295879,	0
29295878,	0
29295877,	0
29295876,	0
29295873,	196
29295872,	196
29295935,	0
29295934,	0
29295933,	0
29295932,	0
29295931,	0
29295930,	0
29295927,	0
29295926,	0
29295925,	0
29295924,	0
29295921,	0
29295920,	0
29295919,	0
29295918,	0
29295913,	0
29295912,	0
29295911,	0
29295910,	0
29295909,	0
29295908,	0
29295905,	0
29295904,	0
29295967,	0
29295966,	0
29295963,	0
29295962,	0
29295961,	0
29295960,	0
29295959,	0
29295958,	0
29295957,	0
29295956,	0
29295955,	0
29295954,	0
29295953,	0
29295952,	0
29295951,	0
29295950,	0
29295947,	0
29295946,	0
29295945,	0
29295944,	0
29295939,	0
29295938,	0
29295937,	0
29295936,	0
29295995,	0
29295994,	0
29295993,	0
29295992,	0
29295991,	192
29295990,	192
29295989,	0
29295988,	0
29295987,	0
29295986,	0
29295983,	0
29295982,	0
29295981,	0
29295980,	0
29295979,	0
29295978,	0
29295975,	0
29295974,	0
29295973,	0
29295972,	0
29295971,	0
29295970,	0
29295969,	0
29295968,	0
29296031,	0
29296030,	0
29296025,	0
29296024,	0
29296023,	0
29296022,	0
29296021,	0
29296020,	0
29296019,	0
29296018,	0
29296017,	0
29296016,	0
29296015,	192
29296014,	0
29296013,	0
29296012,	0
29296009,	0
29296008,	0
29296007,	0
29296005,	0
29296004,	0
29296001,	0
29296000,	0
29296063,	0
29296062,	0
29296061,	0
29296060,	0
29296057,	0
29296056,	0
29296055,	0
29296054,	0
29296051,	0
29296050,	0
29296047,	13
29296046,	0
29296041,	0
29296040,	0
29296039,	0
29296038,	0
29296035,	0
29296034,	0
29296095,	0
29296094,	0
29296093,	0
29296092,	0
29296091,	0
29296090,	0
29296089,	0
29296088,	0
29296083,	0
29296082,	0
29296081,	196
29296080,	0
29296079,	0
