29296715,	196
29296714,	0
29296713,	0
29296712,	0
29296767,	0
29296766,	0
29296763,	0
29296762,	0
29296761,	0
29296760,	0
29296759,	0
29296758,	0
29296755,	0
29296754,	0
29296753,	0
29296752,	0
29296751,	0
29296750,	0
29296747,	0
29296746,	0
29296745,	0
29296744,	0
29296743,	0
29296742,	0
29296739,	0
29296738,	0
29296737,	0
29296736,	0
29296799,	0
29296798,	0
29296797,	0
29296796,	0
29296795,	0
29296794,	0
29296791,	0
29296790,	0
29296785,	0
29296784,	0
29296783,	0
29296782,	0
29296777,	0
29296776,	0
29296775,	0
29296774,	0
29296771,	0
