29337649,	0
29337648,	0
29337647,	0
29337645,	0
29337644,	0
29337643,	0
29337642,	196
29337640,	0
29337639,	0
29337638,	0
29337637,	0
29337636,	0
29337635,	0
29337634,	0
29337632,	0
29337695,	0
29337693,	0
29337692,	0
29337691,	0
29337690,	0
29337689,	0
29337688,	0
29337687,	0
29337685,	0
29337684,	0
29337683,	0
29337682,	0
29337681,	0
29337680,	0
29337679,	0
29337677,	0
29337676,	0
29337675,	0
29337674,	0
29337673,	0
29337672,	0
29337671,	0
29337669,	0
29337668,	0
29337667,	0
29337666,	0
29337665,	0
29337664,	0
29337727,	0
29337726,	0
29337725,	0
29337724,	0
29337723,	0
29337722,	0
29337721,	0
29337720,	0
29337719,	0
29337717,	0
29337716,	0
