29345067,	0
29345066,	0
29345065,	0
29345064,	0
29345062,	0
29345061,	0
29345060,	0
29345059,	0
29345058,	0
29345057,	0
29345056,	0
29345119,	0
29345118,	196
29345117,	0
29345115,	0
29345114,	0
29345113,	0
29345112,	0
29345111,	0
29345110,	0
29345109,	0
29345108,	0
29345107,	0
29345106,	0
29345105,	0
29345103,	0
29345102,	0
29345101,	0
29345100,	0
29345099,	56
29345098,	0
29345097,	0
29345094,	0
29345093,	0
29345092,	0
29345091,	0
29345090,	0
29345089,	0
29345151,	0
29345149,	0
29345147,	0
29345146,	13
29345143,	0
29345142,	0
29345141,	0
29345140,	0
29345139,	0
29345138,	0
29345137,	0
29345136,	0
29345135,	0
29345134,	0
29345133,	0
29345132,	0
29345131,	0
29345130,	0
29345129,	0
29345128,	0
29345126,	0
29345125,	0
29345124,	0
29345123,	0
29345122,	168
29345121,	0
29345120,	0
29345182,	196
29345181,	0
29345180,	0
29345179,	0
29345178,	0
29345177,	0
29345176,	0
29345175,	0
29345173,	0
29345172,	0
29345171,	0
29345170,	0
29345169,	0
29345167,	0
29345165,	0
29345164,	0
29345163,	0
29345162,	0
29345161,	0
29345160,	0
29345159,	0
29345157,	0
29345155,	0
29345153,	0
29345214,	0
29345213,	0
29345212,	0
29345211,	0
29345210,	0
29345209,	0
29345207,	0
29345205,	0
29345203,	0
29345202,	0
29345201,	0
29345199,	0
29345198,	0
29345197,	0
29345196,	0
29345194,	0
29345193,	0
29345192,	0
29345190,	0
29345187,	0
29345186,	196
29345185,	196
29345184,	0
29345247,	0
29345246,	196
29345245,	0
29345244,	0
29345242,	0
29345240,	0
29345239,	0
29345235,	0
29345233,	0
29345231,	0
29345230,	0
29345229,	0
29345227,	0
29345225,	0
29345223,	0
29345222,	0
29345219,	0
29345217,	0
29345279,	0
29345278,	0
29345276,	0
29345274,	0
29345273,	0
29345271,	0
29345269,	0
29345267,	0
29345265,	0
29345263,	0
29345262,	0
29345260,	0
29345258,	0
29345256,	0
29345255,	0
29345253,	0
29345252,	0
29345251,	0
29345250,	196
29345249,	0
29345248,	0
29345311,	0
29345310,	196
29345309,	196
29345308,	0
29345307,	0
29345306,	0
29345304,	0
29345303,	0
29345302,	0
29345301,	0
29345299,	0
29345298,	0
29345297,	0
