29353505,	0
29353504,	0
29353599,	0
29353598,	0
29353597,	0
29353596,	0
29353592,	0
29353591,	0
29353590,	0
29353587,	0
29353586,	0
29353585,	0
29353583,	0
29353581,	0
29353579,	0
29353577,	0
29353575,	0
29353574,	0
29353573,	196
29353572,	0
29353631,	0
29353629,	0
29353628,	0
29353627,	0
29353625,	0
29353623,	0
29353618,	0
29353616,	0
29353615,	0
29353612,	0
29353610,	0
29353609,	0
29353607,	0
29353604,	0
29353602,	0
29353601,	0
29353600,	0
29353663,	0
29353662,	0
29353661,	0
29353660,	0
29353658,	0
29353656,	0
29353655,	0
29353651,	0
29353650,	0
29353649,	0
29353647,	0
29353646,	0
29353643,	0
29353641,	0
29353639,	0
29353638,	0
29353637,	0
29353636,	196
29353635,	0
29353634,	0
29353633,	0
29353695,	0
29353693,	0
29353692,	0
29353691,	0
29353687,	0
29353685,	0
29353683,	0
29353680,	0
29353679,	0
29353678,	0
29353676,	0
29353675,	0
29353674,	0
29353672,	0
29353671,	0
29353670,	0
29353666,	0
29353665,	0
29353664,	0
29353727,	0
29353726,	0
29353725,	0
29353723,	0
29353720,	0
29353719,	0
29353711,	0
29353708,	0
29353703,	0
29353702,	0
29353697,	0
29353759,	0
29353758,	0
29353757,	0
29353751,	0
29353749,	0
29353743,	0
29353739,	0
29353737,	0
29353735,	0
29353734,	0
29353733,	0
29353731,	0
29353730,	0
29353729,	0
29353728,	0
29353791,	0
29353790,	194
29353789,	0
29353787,	0
29353784,	0
29353783,	0
29353780,	0
29353775,	0
29353774,	0
29353773,	0
29353767,	0
29353766,	0
29353765,	0
29353761,	0
29353823,	0
29353822,	0
29353820,	0
29353815,	196
29353814,	196
29353813,	0
29353808,	0
29353807,	0
29353804,	0
29353801,	0
29353799,	0
29353798,	0
29353796,	0
29353795,	0
29353794,	0
29353793,	0
29353792,	0
29353855,	0
29353854,	196
29353853,	0
29353848,	0
29353847,	0
29353844,	0
29353839,	0
29353837,	0
29353836,	0
29353834,	196
29353831,	0
29353830,	0
29353829,	0
29353825,	0
29353887,	0
29353879,	0
29353877,	0
29353875,	0
29353872,	0
29353871,	0
29353870,	0
29353869,	0
29353868,	0
29353864,	0
29353863,	0
29353862,	0
29353861,	0
29353860,	0
29353859,	0
29353858,	0
