29354356,	0
29354355,	0
29354354,	0
29354353,	0
29354352,	0
29354351,	0
29354347,	0
29354345,	0
29354344,	0
29354343,	0
29354342,	0
29354341,	0
29354340,	0
29354338,	0
29354337,	0
29354336,	0
29354399,	0
29354398,	0
29354397,	0
29354396,	0
29354394,	0
29354393,	0
29354392,	0
29354390,	0
29354389,	0
29354388,	0
29354387,	0
29354382,	0
29354380,	0
29354379,	0
29354378,	0
29354377,	0
29354376,	0
29354375,	0
29354374,	0
29354373,	0
29354372,	0
29354371,	0
29354370,	0
29354369,	0
29354368,	0
29354431,	0
29354430,	0
29354429,	0
29354428,	0
29354427,	0
29354426,	0
29354424,	0
29354423,	0
29354419,	0
29354417,	0
29354416,	0
29354413,	0
29354412,	0
29354411,	0
29354410,	0
29354409,	0
29354408,	0
29354407,	0
29354406,	0
29354405,	0
29354404,	0
29354402,	0
29354401,	0
29354400,	0
29354463,	0
29354462,	0
29354461,	0
29354460,	0
29354458,	0
29354457,	0
29354456,	0
29354453,	0
29354451,	0
29354448,	0
29354446,	0
29354445,	0
29354444,	0
29354443,	0
29354442,	0
29354441,	0
29354440,	0
29354439,	0
29354438,	0
29354437,	0
29354436,	0
29354435,	0
29354434,	0
29354433,	0
29354432,	0
29354495,	0
29354494,	0
29354493,	0
29354492,	0
29354491,	0
29354490,	0
29354488,	0
29354483,	0
