29361519,	0
29361518,	0
29361517,	0
29361516,	0
29361515,	0
29361514,	0
29361513,	0
29361512,	0
29361510,	0
29361509,	0
29361508,	0
29361507,	0
29361506,	0
29361505,	0
29361504,	0
29361566,	0
29361565,	0
29361564,	0
29361563,	0
29361562,	0
29361561,	0
29361560,	0
29361559,	0
29361557,	0
29361556,	0
29361555,	0
29361554,	0
29361553,	0
29361551,	0
29361549,	0
29361548,	0
29361547,	0
29361546,	0
29361545,	0
29361544,	0
29361543,	0
29361541,	0
29361539,	0
29361537,	0
29361598,	0
29361597,	0
29361596,	0
29361595,	0
29361594,	0
29361593,	0
29361591,	0
29361589,	0
29361587,	0
29361586,	0
29361585,	0
29361583,	0
29361582,	0
29361581,	0
29361580,	0
29361578,	0
29361577,	0
29361576,	0
29361574,	0
29361571,	0
29361570,	0
29361569,	0
29361568,	0
29361631,	0
29361630,	0
29361629,	0
29361628,	0
29361626,	0
29361624,	0
29361623,	0
29361619,	0
29361617,	0
29361615,	0
29361614,	0
29361613,	0
29361611,	0
29361609,	0
29361607,	0
29361606,	0
29361603,	0
29361601,	0
29361663,	0
29361662,	0
29361660,	0
29361658,	0
29361657,	0
29361655,	0
29361653,	0
29361651,	0
29361649,	0
29361647,	0
29361646,	0
29361644,	0
29361642,	0
29361640,	0
29361639,	0
29361637,	0
29361636,	0
29361635,	0
29361634,	0
29361633,	0
29361632,	0
29361695,	0
29361694,	0
29361693,	0
29361692,	0
29361691,	0
29361690,	0
29361688,	0
29361687,	0
29361686,	0
29361685,	0
29361683,	0
29361682,	0
29361681,	0
29361679,	0
29361677,	0
29361675,	0
29361673,	0
29361671,	0
29361670,	0
29361669,	0
29361727,	0
29361726,	0
29361725,	0
29361724,	0
29361722,	0
29361721,	0
29361719,	0
29361715,	0
29361713,	0
29361712,	0
29361711,	0
29361710,	0
29361706,	0
29361703,	0
29361702,	0
29361700,	0
29361698,	0
29361697,	0
29361696,	0
29361791,	0
29361790,	0
29361789,	0
29361788,	0
29361784,	0
29361783,	0
29361782,	0
29361779,	0
29361778,	0
29361777,	0
29361775,	0
29361773,	0
29361771,	0
29361769,	0
29361767,	0
29361766,	0
29361765,	196
29361764,	0
29361823,	0
29361821,	0
29361820,	0
29361819,	0
29361817,	0
