29361815,	0
29361810,	0
29361808,	0
29361807,	0
29361804,	0
29361802,	0
29361801,	0
29361799,	0
29361796,	0
29361794,	0
29361793,	0
29361792,	0
29361855,	0
29361854,	0
29361853,	0
29361852,	0
29361850,	0
29361848,	0
29361847,	0
29361843,	0
29361842,	0
29361841,	0
29361839,	0
29361838,	0
29361835,	0
29361833,	0
29361831,	0
29361830,	0
29361829,	0
29361828,	0
29361827,	0
29361826,	0
29361825,	0
29361887,	0
29361885,	0
29361884,	0
29361883,	0
29361879,	0
29361877,	0
29361875,	0
29361872,	0
29361871,	0
29361870,	0
29361868,	0
29361867,	0
29361866,	0
29361864,	0
29361863,	0
29361862,	0
29361858,	0
29361857,	0
29361856,	0
29361919,	0
29361918,	0
29361917,	0
29361915,	0
29361912,	0
29361911,	0
29361903,	0
29361900,	0
29361895,	0
29361894,	0
29361889,	0
29361951,	0
29361950,	0
29361949,	0
29361943,	0
29361941,	0
29361935,	0
29361931,	0
29361929,	0
29361927,	0
29361926,	0
29361925,	0
29361923,	0
29361922,	0
29361921,	0
29361920,	0
29361983,	0
29361982,	194
29361981,	0
29361979,	0
29361976,	0
29361975,	196
29361972,	0
29361967,	0
29361966,	0
29361965,	0
29361959,	0
29361958,	0
29361957,	0
29361953,	0
29362015,	0
29362014,	196
29362012,	0
29362007,	0
29362006,	0
29362005,	0
29362000,	0
29361999,	0
29361996,	0
29361993,	0
29361991,	0
29361990,	0
29361988,	0
29361987,	0
29361986,	0
29361985,	0
29361984,	0
29362047,	0
29362046,	196
29362045,	0
29362040,	0
29362039,	0
29362036,	0
29362031,	0
29362029,	196
29362028,	0
29362026,	0
29362023,	0
29362022,	0
29362021,	0
29362017,	0
29362079,	0
29362071,	0
29362069,	0
29362067,	0
29362064,	196
29362063,	196
29362062,	0
29362061,	0
29362060,	0
29362056,	0
29362055,	0
29362054,	0
29362053,	0
29362052,	0
29362051,	0
29362050,	196
29362049,	0
29362048,	0
29362111,	0
29362110,	0
29362109,	0
29362108,	0
29362107,	0
29362106,	194
29362104,	0
29362099,	0
29362098,	0
29362097,	0
29362095,	0
29362094,	0
29362091,	0
29362089,	0
29362088,	0
29362087,	0
29362086,	0
29362085,	0
29362084,	0
29362082,	0
29362081,	0
29362143,	0
