29365343,	0
29365342,	0
29365341,	0
29365340,	0
29365338,	0
29365335,	0
29365334,	0
29365333,	0
29365331,	0
29365329,	0
29365327,	0
29365323,	0
29365321,	0
29365319,	0
29365318,	0
29365317,	0
29365316,	0
29365314,	0
29365312,	0
29365375,	0
29365374,	0
29365372,	0
29365370,	0
29365369,	0
29365367,	0
29365365,	0
29365363,	0
29365359,	0
29365358,	0
29365356,	0
29365354,	0
29365353,	0
29365351,	0
29365350,	0
29365348,	0
29365346,	0
29365345,	0
29365344,	0
29365407,	0
29365405,	0
29365403,	0
29365401,	0
29365399,	0
29365398,	0
29365397,	0
29365396,	100
29365395,	0
29365394,	0
29365391,	0
29365390,	196
29365389,	0
29365388,	196
29365387,	0
29365386,	196
29365385,	0
29365383,	0
29365382,	0
29365381,	0
29365380,	0
29365379,	32
29365378,	0
29365377,	0
29365439,	0
29365438,	0
29365437,	196
29365435,	26
29365434,	96
29365431,	0
29365430,	98
29365429,	0
29365428,	0
29365426,	192
29365425,	100
29365423,	0
29365422,	0
29365421,	0
29365420,	0
29365419,	98
29365418,	0
29365417,	0
29365415,	0
29365414,	0
29365413,	98
29365411,	196
29365409,	0
29365470,	0
29365469,	0
29365467,	0
29365465,	0
29365464,	0
29365462,	0
29365461,	0
29365460,	0
29365459,	0
29365456,	0
29365455,	0
29365454,	0
29365453,	0
29365452,	68
29365450,	0
29365449,	0
29365446,	192
29365445,	192
29365443,	196
29365441,	0
29365502,	0
29365500,	0
29365499,	0
29365494,	0
29365493,	96
29365492,	0
29365491,	96
29365490,	0
29365488,	128
29365486,	0
29365485,	0
29365484,	96
29365483,	196
29365482,	94
29365481,	0
29365480,	128
29365478,	0
29365476,	0
29365475,	0
29365473,	0
29365534,	0
29365533,	0
29365532,	0
29365531,	0
29365530,	0
29365529,	0
29365528,	0
29365526,	0
29365525,	0
29365524,	0
29365523,	0
29365522,	0
29365521,	0
29365518,	0
29365517,	0
29365516,	0
29365515,	0
29365514,	0
29365513,	0
29365511,	0
29365510,	0
29365509,	0
29365508,	0
