29370789,	0
29370788,	0
29370787,	0
29370786,	0
29370785,	0
29370784,	0
29370847,	0
29370846,	0
29370845,	0
29370844,	0
29370843,	0
29370842,	0
29370841,	0
29370840,	0
29370839,	0
29370838,	0
29370837,	0
29370836,	0
29370835,	0
29370834,	0
29370833,	0
29370832,	0
29370831,	0
29370830,	0
29370829,	0
29370828,	0
29370827,	0
29370826,	0
29370825,	0
29370824,	0
29370823,	0
29370822,	0
29370821,	0
29370820,	0
29370819,	0
29370818,	0
29370817,	0
29370816,	0
29370879,	0
29370878,	0
29370877,	0
29370876,	0
29370875,	0
29370874,	0
29370873,	0
29370872,	0
29370871,	0
29370870,	0
29370869,	0
29370868,	0
29370867,	0
29370866,	0
29370865,	0
29370864,	0
29370863,	0
29370862,	0
29370861,	0
29370860,	0
29370859,	0
29370858,	0
29370857,	0
29370856,	0
29370855,	0
29370854,	0
29370853,	0
29370852,	0
29370851,	0
29370850,	0
29370849,	0
29370848,	0
29370911,	0
29370910,	0
29370909,	0
29370908,	0
29370907,	0
29370906,	0
29370905,	0
29370904,	0
29370903,	0
29370902,	0
29370901,	0
29370900,	0
29370899,	0
29370898,	0
29370897,	0
29370896,	0
29370895,	0
29370894,	0
29370893,	0
29370892,	0
29370891,	0
29370890,	0
29370889,	0
29370888,	0
29370887,	0
29370886,	0
29370885,	0
29370884,	0
29370883,	0
29370882,	0
29370881,	0
29370880,	0
29370943,	0
29370942,	0
29370941,	0
29370940,	0
29370939,	0
29370938,	0
29370937,	0
29370936,	0
29370935,	0
29370934,	0
29370933,	0
29370932,	0
29370931,	0
29370930,	0
29370929,	0
29370928,	0
29370927,	0
29370926,	0
29370925,	0
29370924,	0
29370923,	0
29370922,	0
29370921,	0
29370920,	0
29370919,	0
29370918,	0
29370917,	0
29370916,	0
29370915,	0
29370914,	0
29370913,	0
29370912,	0
29370975,	0
29370974,	0
29370973,	0
29370972,	0
29370971,	0
29370970,	0
29370969,	0
29370968,	0
29370967,	0
29370966,	0
29370965,	0
29370964,	0
29370963,	0
29370962,	0
29370961,	0
29370960,	0
29370959,	0
29370958,	0
29370957,	0
29370956,	0
29370955,	0
29370954,	0
29370953,	0
29370952,	0
29370951,	0
29370950,	0
29370949,	0
29370948,	0
29370947,	0
29370946,	0
