29373575,	0
29373574,	0
29373573,	0
29373572,	0
29373571,	0
29373570,	0
29373569,	0
29373568,	0
29373631,	28
29373630,	98
29373629,	196
29373628,	0
29373627,	98
29373626,	0
29373625,	0
29373624,	0
29373623,	0
29373622,	98
29373621,	0
29373620,	0
29373619,	0
29373618,	0
29373617,	0
29373616,	0
29373615,	0
29373614,	0
29373613,	0
29373612,	0
29373611,	0
29373610,	0
29373609,	0
29373608,	0
29373607,	0
29373606,	0
29373605,	0
29373604,	0
29373603,	0
29373602,	0
29373601,	0
29373600,	0
29373663,	0
29373662,	0
29373661,	0
29373660,	0
29373659,	0
29373658,	0
29373657,	0
29373656,	0
29373655,	0
29373654,	0
29373653,	0
29373652,	0
29373651,	128
29373650,	0
29373649,	0
29373648,	0
29373647,	0
29373646,	0
29373645,	0
29373644,	0
29373643,	0
29373642,	0
29373641,	0
29373640,	0
29373639,	0
29373638,	0
29373637,	0
29373636,	0
29373635,	0
29373634,	0
29373633,	0
29373632,	0
29373695,	0
29373694,	0
29373693,	0
29373692,	190
29373691,	0
29373690,	0
29373689,	0
29373688,	126
29373687,	0
29373686,	0
29373685,	0
29373684,	189
29373683,	0
29373682,	0
29373681,	0
29373680,	125
29373679,	0
29373678,	0
29373677,	0
29373676,	0
29373675,	0
29373674,	128
29373673,	196
29373672,	0
29373671,	0
29373670,	0
29373669,	0
29373668,	0
29373667,	0
29373666,	0
29373665,	0
29373664,	0
29373727,	0
29373726,	0
29373725,	0
29373724,	0
29373723,	0
29373722,	0
29373721,	0
29373720,	0
29373719,	0
29373718,	0
29373717,	0
29373716,	0
29373715,	0
29373714,	0
29373713,	0
29373712,	0
29373711,	0
29373710,	0
29373709,	0
29373708,	0
29373707,	0
29373706,	0
29373705,	0
29373704,	0
29373703,	0
29373702,	0
29373701,	0
29373700,	0
29373699,	0
29373698,	0
29373697,	0
29373696,	0
29373759,	0
29373758,	0
29373757,	0
29373756,	0
29373755,	0
29373754,	0
29373753,	0
29373752,	0
29373751,	0
29373750,	0
29373749,	0
29373748,	0
29373747,	0
29373746,	0
29373745,	0
29373744,	0
29373743,	0
29373742,	0
29373741,	0
29373740,	0
29373739,	0
29373738,	0
29373737,	0
29373736,	0
29373735,	0
29373734,	0
29373733,	0
