29373888,	0
29373951,	0
29373950,	0
29373949,	0
29373948,	0
29373947,	0
29373946,	0
29373945,	0
29373944,	0
29373943,	0
29373942,	0
29373941,	0
29373940,	0
29373939,	0
29373938,	0
29373937,	0
29373936,	0
29373935,	0
29373934,	0
29373933,	0
29373932,	0
29373931,	0
29373930,	0
29373929,	0
29373928,	0
29373927,	0
29373926,	0
29373925,	0
29373924,	0
29373923,	0
29373922,	0
29373921,	0
29373920,	0
29373983,	0
29373982,	0
29373981,	0
29373980,	0
29373979,	0
29373978,	0
29373977,	0
29373976,	0
29373975,	0
29373974,	0
29373973,	0
29373972,	0
29373971,	0
29373970,	0
29373969,	0
29373968,	0
29373967,	0
29373966,	0
29373965,	0
29373964,	0
29373963,	0
29373962,	0
29373961,	0
29373960,	0
29373959,	0
29373958,	0
29373957,	0
29373956,	0
29373955,	0
29373954,	0
29373953,	0
29373952,	0
29374015,	0
29374014,	0
29374013,	0
29374012,	0
29374011,	0
29374010,	0
29374009,	0
29374008,	0
29374007,	0
29374006,	0
29374005,	0
29374004,	0
29374003,	0
29374002,	0
29374001,	0
29374000,	0
29373999,	0
29373998,	0
29373997,	0
29373996,	0
29373995,	0
29373994,	0
29373993,	0
29373992,	0
29373991,	0
29373990,	0
29373989,	0
29373988,	0
29373987,	0
29373986,	0
29373985,	0
29373984,	0
29374079,	0
29374078,	0
29374077,	0
29374076,	0
29374075,	0
29374074,	0
29374073,	0
29374072,	0
29374071,	0
29374070,	0
29374069,	0
29374068,	0
29374067,	0
29374066,	0
29374065,	0
29374064,	0
29374063,	0
29374062,	0
29374061,	0
29374060,	0
29374059,	0
29374058,	0
29374057,	0
29374056,	196
29374055,	0
29374054,	0
29374053,	0
29374052,	0
29374051,	0
29374050,	0
29374049,	0
29374048,	0
29374111,	0
29374110,	0
29374109,	0
29374108,	0
29374107,	0
29374106,	0
29374105,	0
29374104,	0
29374103,	0
29374102,	0
29374101,	0
29374100,	0
29374099,	0
29374098,	0
29374097,	0
29374096,	0
29374095,	0
29374094,	0
29374093,	0
29374092,	0
29374091,	0
29374090,	0
29374089,	0
29374088,	0
29374087,	0
29374086,	0
29374085,	0
29374084,	0
29374083,	0
29374082,	0
29374081,	0
29374080,	0
29374143,	0
29374142,	0
