29374141,	0
29374140,	0
29374139,	0
29374138,	0
29374137,	0
29374136,	0
29374135,	0
29374134,	0
29374133,	0
29374132,	0
29374131,	0
29374130,	0
29374129,	0
29374128,	0
29374127,	0
29374126,	0
29374125,	0
29374124,	0
29374123,	0
29374122,	0
29374121,	0
29374120,	0
29374119,	0
29374118,	0
29374117,	0
29374116,	0
29374115,	0
29374114,	196
29374113,	0
29374112,	0
29374175,	0
29374174,	0
29374173,	0
29374172,	0
29374171,	0
29374170,	0
29374169,	0
29374168,	0
29374167,	0
29374166,	0
29374165,	0
29374164,	0
29374163,	0
29374162,	0
29374161,	0
29374160,	0
29374159,	0
29374158,	0
29374157,	0
29374156,	0
29374155,	0
29374154,	0
29374153,	0
29374152,	0
29374151,	0
29374150,	0
29374149,	0
29374148,	0
29374147,	0
29374146,	196
29374145,	0
29374144,	0
29374207,	0
29374206,	0
29374205,	0
29374204,	0
29374203,	0
29374202,	0
29374201,	0
29374200,	0
29374199,	0
29374198,	0
29374197,	0
29374196,	0
29374195,	0
29374194,	0
29374193,	0
29374192,	0
29374191,	0
29374190,	0
29374189,	0
29374188,	0
29374187,	0
29374186,	0
29374185,	0
29374184,	0
29374183,	0
29374182,	0
29374181,	0
29374180,	0
29374179,	0
29374178,	0
29374177,	0
29374176,	0
29374239,	0
29374238,	0
29374237,	0
29374236,	0
29374235,	0
29374234,	0
29374233,	0
29374232,	0
29374231,	0
29374230,	0
29374229,	0
29374228,	0
29374227,	0
29374226,	0
29374225,	0
29374224,	0
29374223,	0
29374222,	0
29374221,	0
29374220,	0
29374219,	0
29374218,	0
29374217,	0
29374216,	0
29374215,	0
29374214,	0
29374213,	0
29374212,	0
29374211,	0
29374210,	0
29374209,	0
29374208,	0
29374271,	0
29374270,	0
29374269,	0
29374268,	0
29374267,	0
29374266,	0
29374265,	0
29374264,	0
29374263,	0
29374262,	0
29374261,	0
29374260,	0
29374259,	0
29374258,	0
29374257,	196
29374256,	0
29374255,	0
29374254,	0
29374253,	0
29374252,	0
29374251,	0
29374250,	0
29374249,	0
29374248,	0
29374247,	0
29374246,	0
29374245,	0
29374244,	0
29374243,	0
29374242,	0
29374241,	0
29374240,	0
29374303,	0
29374302,	0
29374301,	0
29374300,	0
29374299,	0
29374298,	0
