29374767,	0
29374766,	0
29374765,	0
29374764,	0
29374763,	0
29374762,	0
29374761,	0
29374760,	0
29374759,	0
29374758,	0
29374757,	0
29374756,	0
29374755,	0
29374754,	0
29374753,	0
29374752,	0
29374815,	0
29374814,	0
29374813,	0
29374812,	0
29374811,	0
29374810,	0
29374809,	0
29374808,	0
29374807,	0
29374806,	0
29374805,	0
29374804,	0
29374803,	0
29374802,	0
29374801,	0
29374800,	0
29374799,	0
29374798,	0
29374797,	0
29374796,	0
29374795,	0
29374794,	0
29374793,	0
29374792,	0
29374791,	0
29374790,	0
29374789,	0
29374788,	0
29374787,	0
29374786,	0
29374785,	0
29374784,	0
29374847,	0
29374846,	0
29374845,	0
29374844,	0
29374843,	0
29374842,	0
29374841,	0
29374840,	0
29374839,	0
29374838,	0
29374837,	0
29374836,	0
29374835,	0
29374834,	0
29374833,	0
29374832,	0
29374831,	0
29374830,	0
29374829,	0
29374828,	0
29374827,	0
29374826,	0
29374825,	0
29374824,	0
29374823,	0
29374822,	0
29374821,	0
29374820,	0
29374819,	0
29374818,	0
29374817,	0
29374816,	0
29374879,	0
29374878,	0
29374877,	0
29374876,	0
29374875,	0
29374874,	0
29374873,	0
29374872,	0
29374871,	0
29374870,	0
29374869,	0
29374868,	0
29374867,	0
29374866,	0
29374865,	0
29374864,	0
29374863,	0
29374862,	0
29374861,	0
29374860,	0
29374859,	0
29374858,	0
29374857,	0
29374856,	0
29374855,	0
29374854,	0
29374853,	0
29374852,	0
29374851,	0
29374850,	0
29374849,	0
29374848,	0
29374911,	0
29374910,	0
29374909,	0
29374908,	0
29374907,	0
29374906,	0
29374905,	0
29374904,	0
29374903,	0
29374902,	0
29374901,	0
29374900,	0
29374899,	0
29374898,	0
29374897,	0
29374896,	0
29374895,	0
29374894,	0
29374893,	0
29374892,	0
29374891,	0
29374890,	0
29374889,	0
29374888,	0
29374887,	0
29374886,	0
29374885,	0
29374884,	0
29374883,	0
29374882,	0
29374881,	0
29374880,	0
29374943,	0
29374942,	0
29374941,	0
29374940,	0
29374939,	0
29374938,	0
29374937,	0
29374936,	0
29374935,	0
29374934,	0
29374933,	0
29374932,	0
29374931,	0
29374930,	0
29374929,	0
29374928,	0
29374927,	0
29374926,	0
29374925,	0
29374924,	0
