29377866,	0
29377865,	0
29377864,	0
29377863,	0
29377862,	0
29377861,	0
29377860,	0
29377859,	0
29377858,	0
29377857,	0
29377856,	0
29377919,	0
29377918,	0
29377917,	0
29377916,	0
29377915,	0
29377914,	0
29377913,	0
29377912,	0
29377911,	0
29377910,	0
29377909,	0
29377908,	0
29377907,	0
29377906,	0
29377905,	0
29377904,	0
29377903,	0
29377902,	0
29377901,	0
29377900,	0
29377899,	0
29377898,	0
29377897,	0
29377896,	0
29377895,	0
29377894,	0
29377893,	0
29377892,	0
29377891,	0
29377890,	0
29377889,	0
29377888,	0
29377951,	0
29377950,	0
29377949,	0
29377948,	0
29377947,	0
29377946,	0
29377945,	0
29377944,	0
29377943,	0
29377942,	0
29377941,	0
29377940,	0
29377939,	0
29377938,	0
29377937,	0
29377936,	0
29377935,	0
29377934,	0
29377933,	0
29377932,	0
29377931,	0
29377930,	0
29377929,	0
29377928,	0
29377927,	0
29377926,	0
29377925,	0
29377924,	0
29377923,	0
29377922,	0
29377921,	0
29377920,	0
29377983,	0
29377982,	0
29377981,	0
29377980,	0
29377979,	0
29377978,	0
29377977,	0
29377976,	0
29377975,	0
29377974,	0
29377973,	0
29377972,	0
29377971,	0
29377970,	0
29377969,	0
29377968,	0
29377967,	0
29377966,	0
29377965,	0
29377964,	0
29377963,	0
29377962,	0
29377961,	0
29377960,	0
29377959,	0
29377958,	0
29377957,	0
29377956,	0
29377955,	0
29377954,	0
29377953,	0
29377952,	0
29378015,	0
29378014,	0
29378013,	0
29378012,	0
29378011,	0
29378010,	0
29378009,	0
29378008,	0
29378007,	0
29378006,	0
29378005,	0
29378004,	0
29378003,	0
29378002,	0
29378001,	0
29378000,	0
29377999,	0
29377998,	0
29377997,	0
29377996,	0
29377995,	0
29377994,	0
29377993,	0
29377992,	0
29377991,	0
29377990,	0
29377989,	0
29377988,	0
29377987,	0
29377986,	0
29377985,	0
29377984,	0
29378047,	0
29378046,	0
29378045,	0
29378044,	0
29378043,	0
29378042,	0
29378041,	0
29378040,	0
29378039,	0
29378038,	0
29378037,	0
29378036,	0
29378035,	0
29378034,	0
29378033,	0
29378032,	0
29378031,	0
29378030,	0
29378029,	0
29378028,	0
29378027,	0
29378026,	0
29378025,	0
29378024,	0
