29381688,	0
29381687,	0
29381686,	0
29381685,	0
29381684,	0
29381683,	0
29381682,	0
29381681,	0
29381680,	0
29381679,	0
29381678,	0
29381677,	0
29381676,	0
29381675,	0
29381674,	0
29381673,	0
29381672,	0
29381671,	0
29381670,	0
29381669,	0
29381668,	0
29381667,	0
29381666,	0
29381665,	0
29381664,	0
29381727,	0
29381726,	0
29381725,	0
29381724,	0
29381723,	0
29381722,	0
29381721,	0
29381720,	0
29381719,	0
29381718,	0
29381717,	0
29381716,	0
29381715,	0
29381714,	0
29381713,	0
29381712,	0
29381711,	0
29381710,	0
29381709,	0
29381708,	0
29381707,	0
29381706,	0
29381705,	0
29381704,	0
29381703,	0
29381702,	0
29381701,	0
29381700,	0
29381699,	0
29381698,	0
29381697,	0
29381696,	0
29381759,	0
29381758,	0
29381757,	0
29381756,	0
29381755,	0
29381754,	0
29381753,	0
29381752,	0
29381751,	0
29381750,	0
29381749,	0
29381748,	0
29381747,	0
29381746,	0
29381745,	0
29381744,	0
29381743,	0
29381742,	0
29381741,	0
29381740,	0
29381739,	0
29381738,	0
29381737,	0
29381736,	0
29381735,	0
29381734,	0
29381733,	0
29381732,	0
29381731,	0
29381730,	0
29381729,	0
29381728,	0
29381791,	0
29381790,	0
29381789,	100
29381788,	0
29381787,	0
29381786,	0
29381785,	0
29381784,	0
29381783,	0
29381782,	0
29381781,	96
29381780,	0
29381779,	0
29381778,	0
29381777,	0
29381776,	0
29381775,	0
29381774,	0
29381773,	0
29381772,	0
29381771,	0
29381770,	0
29381769,	0
29381768,	0
29381767,	0
29381766,	196
29381765,	0
29381764,	0
29381763,	0
29381762,	196
29381761,	0
29381760,	0
29381823,	0
29381822,	0
29381821,	0
29381820,	0
29381819,	0
29381818,	0
29381817,	0
29381816,	0
29381815,	0
29381814,	0
29381813,	0
29381812,	0
29381811,	0
29381810,	0
29381809,	0
29381808,	0
29381807,	0
29381806,	98
29381805,	0
29381804,	0
29381803,	0
29381802,	0
29381801,	0
29381800,	0
29381799,	0
29381798,	0
29381797,	0
29381796,	0
29381795,	0
29381794,	0
29381793,	0
29381792,	0
29381855,	0
29381854,	0
29381853,	0
29381852,	0
29381851,	94
29381850,	0
29381849,	0
29381848,	0
29381847,	0
29381846,	128
29381845,	0
