29382346,	0
29382345,	0
29382344,	0
29382343,	0
29382342,	0
29382341,	0
29382340,	0
29382339,	0
29382338,	0
29382337,	0
29382336,	0
29382399,	0
29382398,	0
29382397,	0
29382396,	0
29382395,	0
29382394,	0
29382393,	0
29382392,	0
29382391,	0
29382390,	0
29382389,	0
29382388,	0
29382387,	0
29382386,	0
29382385,	0
29382384,	0
29382383,	0
29382382,	0
29382381,	0
29382380,	0
29382379,	0
29382378,	0
29382377,	0
29382376,	0
29382375,	0
29382374,	0
29382373,	0
29382372,	0
29382371,	0
29382370,	0
29382369,	0
29382368,	0
29382431,	0
29382430,	0
29382429,	0
29382428,	0
29382427,	0
29382426,	0
29382425,	0
29382424,	0
29382423,	0
29382422,	0
29382421,	0
29382420,	0
29382419,	0
29382418,	0
29382417,	0
29382416,	0
29382415,	0
29382414,	0
29382413,	0
29382412,	0
29382411,	0
29382410,	0
29382409,	0
29382408,	0
29382407,	0
29382406,	0
29382405,	0
29382404,	0
29382403,	0
29382402,	0
29382401,	0
29382400,	0
29382463,	0
29382462,	0
29382461,	0
29382460,	0
29382459,	0
29382458,	0
29382457,	0
29382456,	0
29382455,	0
29382454,	0
29382453,	0
29382452,	0
29382451,	0
29382450,	0
29382449,	0
29382448,	0
29382447,	0
29382446,	0
29382445,	0
29382444,	0
29382443,	0
29382442,	0
29382441,	0
29382440,	0
29382439,	0
29382438,	0
29382437,	0
29382436,	0
29382435,	0
29382434,	0
29382433,	0
29382432,	0
29382495,	0
29382494,	0
29382493,	0
29382492,	0
29382491,	0
29382490,	0
29382489,	0
29382488,	0
29382487,	0
29382486,	0
29382485,	0
29382484,	0
29382483,	0
29382482,	0
29382481,	0
29382480,	196
29382479,	0
29382478,	0
29382477,	0
29382476,	0
29382475,	0
29382474,	0
29382473,	0
29382472,	0
29382471,	0
29382470,	0
29382469,	0
29382468,	0
29382467,	0
29382466,	0
29382465,	0
29382464,	0
29382527,	0
29382526,	0
29382525,	0
29382524,	0
29382523,	0
29382522,	0
29382521,	0
29382520,	0
29382519,	0
29382518,	0
29382517,	0
29382516,	0
29382515,	0
29382514,	0
29382513,	0
29382512,	0
29382511,	0
29382510,	0
29382509,	0
29382508,	0
29382507,	0
29382506,	0
29382505,	0
29382504,	0
