29385583,	196
29385582,	196
29385570,	0
29385630,	0
29385627,	0
29385626,	0
29385625,	0
29385624,	0
29385623,	0
29385622,	195
29385621,	0
29385620,	0
29385619,	0
29385618,	0
29385617,	196
29385616,	0
29385612,	0
29385611,	0
29385610,	0
29385609,	0
29385608,	0
29385607,	0
29385606,	0
29385604,	0
29385603,	0
29385602,	0
29385601,	0
29385600,	0
29385662,	196
29385661,	0
29385660,	196
29385659,	196
29385658,	0
29385650,	0
29385647,	0
29385646,	196
29385645,	0
29385644,	0
29385643,	0
29385640,	196
29385639,	0
29385638,	0
29385637,	0
29385636,	0
29385635,	0
29385634,	0
29385633,	0
29385632,	0
29385687,	0
29385686,	0
29385685,	0
29385684,	0
29385681,	196
29385680,	196
29385668,	0
29385722,	0
29385721,	144
29385720,	0
29385716,	0
29385715,	0
29385711,	192
29385710,	196
29385698,	0
29385745,	196
29385744,	196
29385732,	196
29385786,	0
29385775,	196
29385774,	196
29385762,	0
29385821,	0
29385820,	0
29385809,	196
29385808,	196
29385797,	0
29385796,	0
29385850,	196
29385845,	0
29385839,	196
29385838,	196
29385834,	0
29385833,	0
29385826,	0
29385886,	32
29385882,	0
29385881,	0
29385873,	97
29385868,	0
29385867,	0
29385866,	0
29385861,	0
29385860,	0
29385858,	0
29385857,	0
29385914,	0
29385913,	0
29385912,	196
29385908,	0
29385903,	180
29385890,	0
29385888,	97
29385950,	1
29385947,	0
29385946,	0
29385932,	0
29385930,	0
29385929,	100
29385927,	100
29385925,	128
29385924,	128
29385922,	0
29385921,	0
29385967,	196
29385966,	196
29385952,	0
29386013,	0
29386012,	0
29386001,	0
29386000,	0
29385996,	0
29385995,	0
29385994,	0
29385993,	0
29385992,	0
29385991,	0
29385990,	0
29385989,	0
29385988,	0
29385987,	0
29385986,	0
29385985,	0
29385984,	0
29386031,	0
29386030,	0
29386016,	0
29386078,	0
29386077,	0
29386076,	0
29386075,	52
29386074,	0
