29387214,	0
29387202,	0
29387249,	0
29387248,	0
29387236,	0
29387290,	0
29387279,	0
29387278,	0
29387266,	0
29387300,	0
29387354,	0
29387330,	0
29389470,	0
29389469,	0
29389468,	0
29389467,	0
29389455,	0
29389444,	0
29389443,	0
29389442,	0
29389441,	0
29389440,	0
29389499,	0
29389498,	0
29389487,	0
29389486,	0
29389520,	0
29389519,	0
29389508,	0
29389507,	0
29389506,	0
29389505,	0
29389538,	0
29389537,	0
29389536,	0
29389598,	0
29389597,	0
29389596,	0
29389595,	0
29389742,	0
29389741,	0
29389737,	0
29389734,	0
29389733,	0
29389732,	0
29389731,	0
29389730,	0
29389729,	0
29389728,	0
29389790,	0
29389789,	0
29389787,	0
29389786,	0
29389785,	0
29389784,	0
29389777,	0
29389776,	0
29389775,	0
29389764,	0
29389762,	0
29389761,	0
29389760,	0
29389822,	0
29389821,	0
29389820,	0
29389819,	0
29389810,	0
29389807,	0
29389806,	0
29389798,	0
