29393679,	0
29393678,	0
29393677,	0
29393676,	0
29393675,	0
29393674,	0
29393673,	0
29393672,	0
29393671,	0
29393670,	0
29393669,	0
29393668,	0
29393667,	0
29393666,	0
29393665,	0
29393664,	0
29393711,	0
29393710,	0
29393709,	0
29393708,	0
29393707,	0
29393706,	0
29393705,	0
29393704,	0
29393703,	0
29393702,	0
29393701,	0
29393700,	0
29393699,	0
29393698,	0
29393697,	0
29393696,	0
29393823,	0
29393822,	0
29393821,	0
29393820,	0
29393819,	0
29393818,	0
29393817,	0
29393816,	0
29393815,	0
29393814,	0
29393813,	0
29393812,	0
29393811,	0
29393810,	0
29393809,	0
29393808,	0
29393807,	0
29393806,	0
29393805,	196
29393804,	0
29393803,	0
29393802,	0
29393801,	0
29393800,	0
29393799,	0
29393798,	0
29393797,	0
29393796,	0
29393795,	0
29393794,	0
29393793,	0
29393792,	0
29393855,	0
29393854,	0
29393853,	0
29393852,	0
29393851,	0
29393850,	0
29393849,	0
29393848,	0
29393847,	0
29393846,	0
29393845,	0
29393844,	0
29393843,	0
29393842,	0
29393841,	0
29393840,	0
29393839,	0
29393838,	0
29393837,	0
29393836,	0
29393835,	0
29393834,	0
29393833,	0
29393832,	0
29393831,	0
29393830,	0
29393829,	169
29393828,	0
29393827,	0
29393826,	0
29393825,	0
29393824,	0
29394077,	96
29394073,	96
29394071,	96
29394069,	96
29394067,	96
29394065,	96
29394062,	96
29394060,	96
29394051,	48
29394049,	48
29394111,	0
29394110,	0
29394109,	0
29394108,	0
29394107,	0
29394106,	0
29394105,	0
29394104,	0
29394103,	0
29394102,	0
29394101,	0
29394100,	0
29394099,	188
29394098,	184
29394097,	156
29394096,	152
29394143,	0
29394142,	0
29394141,	0
