29398207,	0
29398206,	0
29398205,	0
29398204,	0
29398203,	0
29398202,	0
29398201,	0
29398200,	0
29398199,	0
29398198,	0
29398197,	0
29398196,	0
29398195,	172
29398194,	168
29398193,	140
29398192,	136
29398239,	0
29398238,	0
29398237,	0
29398236,	0
29398235,	0
29398234,	0
29398233,	0
29398232,	0
29398231,	0
29398230,	0
29398229,	0
29398228,	0
29398227,	0
29398226,	0
29398216,	96
29398215,	50
29398214,	48
29398208,	48
29398271,	0
29398270,	0
29398269,	0
29398268,	0
29398267,	0
29398266,	0
29398265,	0
29398264,	0
29398263,	0
29398262,	0
29398261,	0
29398260,	0
29398259,	0
29398258,	0
29398257,	0
29398256,	0
29398255,	192
29398254,	0
29398253,	0
29398252,	0
29398251,	0
29398250,	0
29398249,	0
29398248,	0
29398247,	0
29398246,	0
29398245,	0
29398244,	0
29398243,	0
29398242,	0
29398241,	0
29398240,	0
29398303,	0
29398302,	0
29398301,	0
29398300,	0
29398299,	0
29398298,	0
29398297,	0
29398296,	0
29398295,	0
29398294,	0
29398293,	0
29398292,	0
29398291,	0
29398290,	0
29398289,	0
29398288,	0
29398287,	0
29398286,	0
29398285,	0
29398284,	0
29398283,	0
29398282,	0
29398281,	0
29398280,	0
29398279,	0
29398278,	0
29398277,	0
29398276,	0
29398275,	0
29398274,	0
29398273,	0
29398272,	0
29398335,	0
29398334,	0
29398333,	0
29398332,	0
29398331,	0
29398330,	0
29398329,	0
29398328,	0
29398327,	0
29398326,	0
29398325,	0
29398324,	0
29398323,	0
29398322,	0
29398321,	0
29398320,	0
29398319,	0
29398318,	0
29398317,	0
29398316,	0
29398315,	0
29398314,	0
29398313,	0
29398312,	0
29398311,	0
29398310,	0
29398309,	0
29398308,	0
29398307,	0
29398306,	0
29398305,	0
29398304,	0
29398367,	0
29398366,	0
