29398522,	0
29398521,	0
29398520,	0
29398519,	0
29398518,	0
29398517,	0
29398516,	0
29398515,	0
29398514,	0
29398513,	0
29398512,	0
29398511,	0
29398510,	0
29398509,	0
29398508,	0
29398507,	0
29398506,	0
29398505,	0
29398504,	0
29398503,	0
29398502,	0
29398501,	0
29398500,	0
29398499,	0
29398498,	0
29398497,	0
29398496,	0
29398559,	0
29398558,	0
29398557,	0
29398556,	0
29398555,	0
29398554,	0
29398553,	0
29398552,	0
29398551,	0
29398550,	0
29398549,	0
29398548,	0
29398547,	0
29398546,	0
29398545,	0
29398544,	0
29398543,	0
29398542,	0
29398541,	0
29398540,	0
29398539,	0
29398538,	0
29398537,	0
29398536,	0
29398535,	0
29398534,	0
29398533,	0
29398532,	0
29398531,	0
29398530,	0
29398529,	0
29398528,	0
29398591,	0
29398590,	0
29398589,	0
29398588,	0
29398587,	0
29398586,	0
29398585,	0
29398584,	0
29398583,	0
29398582,	0
29398581,	0
29398580,	0
29398579,	0
29398578,	0
29398577,	0
29398576,	0
29398575,	0
29398574,	0
29398573,	0
29398572,	0
29398571,	0
29398570,	0
29398569,	0
29398568,	0
29398567,	0
29398566,	0
29398565,	0
29398564,	0
29398563,	0
29398562,	0
29398561,	0
29398560,	0
29398655,	0
29398654,	0
29398653,	0
29398652,	0
29398651,	0
29398650,	0
29398649,	0
29398648,	0
29398647,	0
29398646,	0
29398645,	0
29398644,	0
29398643,	0
29398642,	0
29398641,	0
29398640,	0
29398639,	0
29398638,	0
29398637,	0
29398636,	0
29398635,	0
29398634,	0
29398633,	0
29398632,	0
29398631,	0
29398630,	0
29398629,	0
29398628,	0
29398627,	0
29398626,	0
29398625,	0
29398624,	0
29398687,	0
29398686,	0
29398685,	0
29398684,	0
29398683,	0
29398682,	0
29398681,	0
29398680,	196
29398679,	0
29398678,	0
29398677,	0
29398676,	0
29398675,	0
29398674,	0
29398673,	0
29398672,	0
29398671,	0
29398670,	0
29398669,	0
29398668,	196
29398667,	0
29398666,	0
29398665,	0
29398664,	0
29398663,	0
29398662,	0
29398661,	0
29398660,	0
29398659,	0
29398658,	0
29398657,	0
29398656,	0
29398719,	0
29398718,	0
29398717,	0
29398716,	0
29398715,	0
29398714,	0
29398713,	0
29398712,	0
29398711,	0
