29398710,	0
29398709,	0
29398708,	0
29398707,	0
29398706,	0
29398705,	0
29398704,	0
29398703,	0
29398702,	0
29398701,	0
29398700,	0
29398699,	0
29398698,	0
29398697,	0
29398696,	0
29398695,	0
29398694,	0
29398693,	0
29398692,	0
29398691,	0
29398690,	0
29398689,	0
29398688,	0
29398751,	0
29398750,	0
29398749,	0
29398748,	0
29398747,	0
29398746,	0
29398745,	0
29398744,	0
29398743,	0
29398742,	0
29398741,	0
29398740,	0
29398739,	0
29398738,	0
29398737,	0
29398736,	0
29398735,	0
29398734,	0
29398733,	0
29398732,	0
29398731,	0
29398730,	0
29398729,	0
29398728,	0
29398727,	0
29398726,	0
29398725,	0
29398724,	0
29398723,	0
29398722,	0
29398721,	0
29398720,	0
29398783,	0
29398782,	0
29398781,	0
29398780,	0
29398779,	0
29398778,	0
29398777,	0
29398776,	27
29398775,	0
29398774,	0
29398773,	0
29398772,	0
29398771,	0
29398770,	0
29398769,	0
29398768,	0
29398767,	0
29398766,	0
29398765,	0
29398764,	0
29398763,	0
29398762,	0
29398761,	0
29398760,	27
29398759,	0
29398758,	0
29398757,	0
29398756,	0
29398755,	0
29398754,	0
29398753,	0
29398752,	0
29398815,	0
29398814,	0
29398813,	0
29398812,	0
29398811,	0
29398810,	0
29398809,	0
29398808,	0
29398807,	0
29398806,	0
29398805,	0
29398804,	0
29398803,	0
29398802,	0
29398801,	0
29398800,	0
29398799,	0
29398798,	0
29398797,	0
29398796,	0
29398795,	0
29398794,	0
29398793,	0
29398792,	27
29398791,	0
29398790,	0
29398789,	0
29398788,	0
29398787,	0
29398786,	0
29398785,	0
29398784,	0
29398847,	0
29398846,	0
29398845,	0
29398844,	0
29398843,	0
29398842,	0
29398841,	0
29398840,	0
29398839,	0
29398838,	0
29398837,	0
29398836,	0
29398835,	0
29398834,	0
29398833,	0
29398832,	0
29398831,	0
29398830,	0
29398829,	0
29398828,	0
29398827,	0
29398826,	0
29398825,	0
29398824,	0
29398823,	0
29398822,	0
29398821,	0
29398820,	0
29398819,	0
29398818,	0
29398817,	0
29398816,	0
29398879,	0
29398878,	0
29398877,	0
29398876,	0
29398875,	0
29398874,	0
29398873,	0
29398872,	0
29398871,	0
29398870,	0
29398869,	0
29398868,	0
