29407761,	0
29407760,	0
29407759,	0
29407758,	0
29407757,	0
29407756,	0
29407755,	0
29407754,	0
29407753,	0
29407752,	0
29407751,	0
29407750,	0
29407749,	0
29407748,	0
29407747,	0
29407746,	0
29407745,	0
29407744,	0
29410259,	0
29410258,	0
29410257,	0
29410255,	0
29410254,	0
29410253,	0
29410244,	0
29410292,	0
29410282,	0
29410281,	0
29410279,	0
29410278,	0
29410277,	0
29410275,	0
29410274,	0
29410273,	0
29410330,	0
29410329,	0
29410326,	0
29410325,	0
29410323,	0
29410322,	0
29410321,	0
29410319,	0
29410318,	0
29410317,	0
29410315,	0
29410314,	0
29410308,	0
29410356,	0
29410346,	0
29410345,	0
29410343,	0
29410342,	0
29410341,	0
29410339,	0
29410338,	0
29410337,	0
29410387,	0
29410386,	0
29410385,	0
29410383,	0
29410382,	0
29410381,	0
29410379,	196
29410378,	0
29410372,	0
29410420,	0
29410410,	0
29410409,	0
29410407,	0
29410406,	0
29410405,	0
29410403,	0
29410402,	0
29410401,	0
29410458,	0
29410457,	0
29410454,	0
29410453,	0
29410451,	0
29410450,	0
29410449,	0
29410447,	0
29410446,	0
29410445,	0
29410443,	0
29410442,	0
29410436,	0
29410484,	0
29410474,	0
29410473,	0
29410471,	0
29410470,	0
29410469,	0
29410467,	0
29410466,	0
29410465,	0
29410515,	0
29410514,	0
29410513,	0
29410511,	0
29410510,	0
29410509,	0
29410507,	0
29410506,	0
29410548,	0
29410538,	0
29410537,	0
29410535,	0
29410534,	0
29410533,	0
29410531,	0
29410530,	0
29410529,	0
29410579,	0
29410578,	0
29410577,	0
29410576,	0
29410575,	0
29410574,	0
29410573,	0
29410564,	0
29410612,	0
29410602,	0
29410601,	0
29410599,	0
29410598,	0
29410597,	0
29410595,	0
29410594,	0
29410593,	0
29410592,	0
29410650,	0
29410649,	0
29410646,	0
29410645,	0
29410643,	0
29410642,	0
29410641,	0
29410640,	0
29410639,	0
29410638,	0
29410637,	0
29410635,	0
29410634,	0
29410628,	0
29410676,	0
29410666,	0
29410665,	0
29410663,	0
29410662,	0
29410661,	0
29410659,	0
29410658,	0
29410657,	0
29410656,	0
29410707,	0
29410706,	0
29410705,	0
29410703,	0
29410702,	0
29410701,	0
29410699,	0
29410698,	0
