29432237,	0
29432319,	0
29432316,	0
29432307,	0
29432304,	0
29432334,	0
29432333,	0
29432406,	0
29432405,	0
29432394,	0
29432393,	0
29432442,	0
29432441,	0
29432459,	0
29432456,	0
29432566,	0
29432565,	0
29432582,	0
29432581,	0
29432622,	0
29432621,	0
29432691,	0
29432688,	0
29432791,	0
29432788,	0
29432782,	0
29432781,	0
29432779,	0
29432776,	0
29432835,	0
29432832,	0
29432875,	0
29432872,	0
29432867,	0
29432866,	0
29432865,	0
29432864,	0
29432898,	0
29432897,	0
29432959,	0
29432956,	0
29432947,	0
29432946,	0
29432945,	0
29432944,	0
29432991,	0
29432988,	0
29432987,	0
29432984,	0
29432978,	0
29432977,	0
29432963,	0
29432962,	0
29432961,	0
29432960,	0
29434549,	0
29434575,	0
29434623,	0
29434641,	0
29434639,	0
29434625,	0
29434681,	0
29434671,	0
29434719,	0
29434713,	0
29434697,	0
29434694,	0
29434739,	0
29434735,	0
29434726,	0
29434721,	0
29434759,	0
29434797,	0
29434789,	0
29434841,	0
29434833,	0
29434825,	0
29434873,	0
29434869,	196
29434867,	0
29434883,	0
29434881,	0
29434930,	0
29434929,	0
29434915,	0
29434914,	0
29434961,	100
29434960,	0
29434959,	0
29434944,	0
29434997,	0
29434993,	0
29434992,	0
29434989,	0
29434977,	0
29435026,	0
29435013,	0
29435010,	0
29435009,	0
29435059,	0
29435057,	0
29435055,	0
29435045,	0
29435043,	0
29435103,	192
29435102,	0
29435098,	0
29435097,	0
29435091,	0
29435089,	0
29435081,	0
29435079,	0
29435135,	0
29435123,	0
29435121,	0
29435114,	0
29435113,	0
29435107,	196
29435106,	196
29435105,	0
29435166,	0
29435161,	0
29435155,	0
29435153,	0
29435150,	0
29435139,	0
29435138,	0
29435137,	13
29435199,	0
29435196,	0
29435191,	0
29435185,	0
29435183,	0
29435178,	0
29435177,	0
29435173,	0
29435169,	0
29435168,	0
29435231,	0
29435226,	0
29435223,	0
29435221,	0
29435219,	0
29435217,	0
29435215,	0
29435213,	0
29435209,	0
29435208,	0
29435205,	0
29435203,	0
29435201,	0
29435262,	0
29435261,	0
29435253,	0
29435251,	0
29435249,	0
29435247,	0
29435245,	0
29435242,	0
29435237,	0
