29439020,	0
29439014,	0
29439011,	0
29439010,	0
29439066,	0
29439062,	0
29439058,	0
29439057,	0
29439046,	0
29439042,	0
29439041,	0
29439040,	0
29439096,	0
29439090,	0
29439089,	0
29439088,	0
29439074,	0
29439130,	0
29439126,	0
29439124,	0
29439123,	0
29439120,	0
29439110,	0
29439107,	0
29439104,	0
29439162,	0
29439158,	0
29439152,	0
29439146,	0
29439136,	0
29439199,	0
29439198,	0
29439196,	28
29439195,	0
29439192,	0
29439190,	0
29439186,	192
29439184,	0
29439182,	0
29439180,	0
29439178,	0
29439176,	0
29439174,	0
29439168,	0
29439226,	0
29439222,	0
29439220,	0
29439218,	44
29439216,	0
29439211,	0
29439210,	0
29439206,	0
29439203,	196
29439263,	0
29439262,	0
29439260,	0
29439254,	0
29439248,	0
29439247,	0
29439244,	0
29439236,	0
29439235,	0
29439234,	0
29439293,	0
29439286,	13
29439282,	0
29439280,	0
29439276,	0
29439275,	0
29439274,	0
29439265,	0
29439264,	0
29439326,	0
29439324,	0
29439323,	0
29439318,	0
29439314,	0
29439312,	0
29439308,	0
29439306,	0
29439305,	0
29439304,	0
29439300,	0
29439298,	0
29439359,	0
29439358,	0
29439356,	0
29439350,	0
29439346,	0
29439344,	0
29439340,	0
29439339,	0
29439338,	180
29439336,	0
29439334,	0
29439332,	0
29439330,	0
29439328,	0
29439390,	0
29439388,	0
29439386,	0
29439384,	0
29439378,	0
29439377,	0
29439374,	0
29439370,	0
29439368,	0
29439366,	0
29439364,	0
29439362,	0
29439422,	0
29439420,	0
29439412,	0
29439410,	0
29439408,	0
29439404,	0
29439396,	0
29439394,	0
29439454,	0
29439452,	0
29439442,	0
29439432,	0
29439431,	0
29439426,	0
29439424,	0
29439486,	0
29439472,	0
29439470,	0
29439468,	0
29439466,	0
29439458,	0
29439457,	0
29439518,	0
29439516,	0
29439512,	0
29439506,	0
29439502,	0
29439500,	0
29439498,	0
29439496,	0
29439490,	0
29439548,	196
29439534,	0
29439532,	0
29439530,	0
29439528,	0
29439524,	0
29439522,	0
29439613,	0
29439612,	0
29439609,	0
29439602,	0
29439599,	0
29439596,	0
29439586,	0
29439646,	0
29439636,	0
29439634,	0
29439633,	0
29439626,	0
29439624,	0
29439618,	0
