29443003,	0
29443002,	0
29442989,	0
29442988,	0
29442983,	0
29442982,	0
29442977,	0
29442976,	0
29443037,	0
29443036,	0
29443029,	0
29443028,	0
29443021,	0
29443020,	0
29443019,	0
29443018,	0
29443015,	0
29443014,	0
29443013,	0
29443012,	0
29443011,	0
29443010,	0
29443009,	0
29443008,	0
29443065,	0
29443064,	0
29443063,	0
29443062,	0
29443061,	0
29443060,	0
29443053,	0
29443052,	0
29443049,	0
29443048,	0
29443047,	0
29443046,	0
29443043,	0
29443042,	0
29443099,	0
29443098,	0
29443095,	0
29443094,	0
29443093,	0
29443092,	0
29443091,	0
29443090,	0
29443083,	0
29443082,	0
29443079,	0
29443078,	0
29443075,	0
29443074,	0
29443131,	0
29443130,	0
29443127,	0
29443126,	0
29443125,	0
29443124,	0
29443117,	0
29443116,	0
29443111,	0
29443110,	0
29443107,	0
29443106,	0
29443162,	0
29443159,	0
29443158,	0
29443155,	0
29443154,	0
29443143,	0
29443142,	0
29443139,	0
29443138,	0
29443137,	0
29443136,	0
29443193,	0
