29452580,	0
29452578,	0
29452637,	0
29452636,	0
29452630,	0
29452628,	0
29452616,	0
29452613,	0
29452665,	0
29452662,	0
29452661,	0
29452660,	0
29452656,	0
29452651,	0
29452648,	0
29452647,	0
29452643,	0
29452641,	0
29452703,	0
29452699,	0
29452696,	0
29452694,	0
29452693,	0
29452692,	53
29452684,	62
29452683,	62
29452678,	62
29452676,	62
29452735,	62
29452734,	62
29452731,	62
29452727,	62
29452726,	62
29452725,	62
29452723,	62
29452718,	62
29452715,	62
29452714,	62
29452710,	62
29452709,	62
29452708,	62
29452705,	62
29452765,	62
