29484047,	0
29484045,	0
29484044,	0
29484043,	0
29484042,	0
29484040,	0
29484039,	0
29484038,	0
29484037,	0
29484036,	0
29484035,	0
29484034,	0
29484032,	0
29484095,	0
29484093,	0
29484092,	0
29484091,	0
29484090,	0
29484088,	0
29484087,	0
29484085,	0
29484084,	0
29484083,	0
29484082,	0
29484080,	0
29484079,	0
29484077,	0
29484076,	0
29484075,	0
29484074,	0
29484072,	0
29484071,	0
29484070,	0
29484069,	0
29484068,	0
29484067,	0
29484066,	0
29484064,	0
29484127,	0
29484125,	0
29484124,	0
29484123,	0
29484122,	0
29484121,	0
29484120,	0
29484119,	0
29484117,	0
29484116,	0
29484115,	0
29484114,	0
29484112,	0
29484111,	0
29484109,	0
29484108,	0
29484107,	0
29484106,	0
29484104,	0
29484103,	0
29484101,	0
29484100,	0
29484099,	0
29484098,	0
29484096,	0
29484159,	0
29484157,	0
29484156,	0
29484155,	0
29484154,	0
29484152,	0
29484151,	0
29484149,	196
29484148,	0
29484147,	0
29484146,	0
29484145,	0
29484144,	0
29484143,	0
29484141,	0
29484140,	0
29484139,	0
29484138,	0
29484136,	0
29484135,	0
29484133,	0
29484132,	0
29484131,	196
29484130,	0
29484129,	0
29484128,	0
29484191,	0
29484189,	0
29484188,	0
29484187,	0
29484186,	0
29484184,	0
29484183,	0
29484181,	0
29484180,	0
29484179,	0
29484178,	0
29484176,	0
29484175,	0
29484174,	0
29484173,	0
29484172,	0
29484171,	0
29484170,	0
29484168,	0
29484167,	0
29484165,	0
29484164,	0
29484163,	0
29484162,	0
29484160,	0
29484223,	0
29484221,	0
29484220,	0
29484219,	196
29484218,	196
29484217,	0
29484216,	0
29484215,	0
29484213,	0
29484212,	0
29484211,	0
29484210,	0
29484209,	0
29484208,	0
29484207,	0
29484205,	0
29484204,	0
29484203,	0
29484202,	196
29484201,	0
29484200,	0
29484199,	0
29484198,	0
29484197,	0
29484196,	0
29484195,	0
29484194,	0
29484192,	0
29484255,	0
29484253,	0
29484252,	0
29484251,	0
29484250,	0
29484248,	0
29484247,	0
29484245,	0
29484244,	0
29484243,	0
29484242,	0
29484240,	0
29484239,	0
29484237,	0
29484236,	0
29484235,	0
29484234,	0
29484232,	0
29484231,	196
29484230,	0
29484229,	0
29484228,	0
