29488341,	0
29488340,	0
29488339,	0
29488338,	0
29488336,	0
29488335,	0
29488333,	0
29488332,	0
29488331,	0
29488330,	0
29488328,	0
29488327,	196
29488326,	0
29488325,	0
29488324,	0
29488323,	0
29488322,	0
29488320,	0
29488383,	0
29488381,	0
29488380,	0
29488379,	0
29488378,	0
29488377,	0
29488376,	0
29488375,	0
29488373,	0
29488372,	0
29488371,	0
29488370,	0
29488368,	0
29488367,	0
29488365,	0
29488364,	0
29488363,	0
29488362,	0
29488360,	0
29488359,	0
29488357,	0
29488356,	0
29488355,	0
29488354,	0
29488352,	0
29488415,	0
29488413,	0
29488412,	0
29488411,	0
29488410,	0
29488408,	0
29488407,	0
29488406,	0
29488405,	0
29488404,	0
29488403,	0
29488402,	0
29488400,	0
29488399,	0
29488397,	0
29488396,	0
29488395,	0
29488394,	0
29488392,	0
29488391,	0
29488389,	0
29488388,	0
29488387,	0
29488386,	0
29488384,	0
29488447,	0
29488445,	0
29488444,	0
29488443,	0
29488442,	0
29488440,	0
29488439,	0
29488437,	0
29488436,	0
29488435,	0
29488434,	0
29488432,	0
29488431,	0
29488429,	0
29488428,	0
29488427,	0
29488426,	0
29488424,	0
29488423,	0
29488422,	0
29488421,	0
29488420,	0
29488419,	0
29488418,	0
29488416,	0
29488479,	0
29488478,	0
29488477,	0
29488476,	0
29488475,	0
29488474,	0
29488472,	0
29488471,	0
29488469,	0
29488468,	0
29488467,	0
29488466,	0
29488464,	0
29488463,	0
29488461,	0
29488460,	0
29488459,	0
29488458,	0
29488456,	0
29488455,	0
29488453,	0
29488452,	0
29488451,	0
29488450,	0
29488448,	0
29488511,	0
29488509,	0
29488508,	0
29488507,	0
29488506,	0
29488504,	0
29488503,	0
29488501,	0
29488500,	0
29488499,	0
29488498,	0
29488496,	0
29488495,	0
29488493,	0
29488492,	0
29488491,	0
29488490,	0
29488488,	0
29488487,	0
29488486,	0
29488485,	0
29488484,	0
29488483,	0
29488482,	0
29488481,	0
29488480,	0
29488543,	0
29488541,	0
29488540,	0
29488539,	0
29488538,	0
29488536,	0
29488535,	0
29488533,	0
29488532,	0
29488531,	0
29488530,	0
29488528,	0
29488527,	0
29488526,	0
29488525,	0
29488524,	0
29488523,	0
29488522,	0
29488520,	0
29488519,	0
