29492212,	0
29492211,	196
29492210,	0
29492209,	0
29492206,	0
29492205,	0
29492204,	0
29492203,	0
29492202,	0
29492201,	0
29492198,	0
29492197,	0
29492196,	0
29492195,	0
29492194,	0
29492193,	0
29492254,	0
29492253,	0
29492252,	0
29492251,	0
29492250,	0
29492249,	0
29492246,	0
29492245,	0
29492244,	0
29492243,	0
29492242,	0
29492241,	0
29492240,	0
29492238,	0
29492237,	0
29492236,	0
29492235,	0
29492234,	0
29492233,	0
29492231,	0
29492230,	0
29492229,	0
29492228,	0
29492227,	0
29492226,	0
29492225,	0
29492286,	0
29492285,	0
29492284,	0
29492283,	0
29492282,	0
29492281,	0
29492278,	0
29492277,	0
29492276,	0
29492275,	0
29492274,	0
29492273,	0
29492270,	0
29492269,	0
29492268,	0
29492267,	0
29492266,	0
29492265,	0
29492263,	0
29492262,	0
29492261,	0
29492260,	0
29492259,	0
29492258,	0
29492257,	0
29492318,	0
29492317,	196
29492316,	0
29492315,	0
29492314,	0
29492313,	0
29492312,	0
29492310,	0
29492309,	0
29492308,	0
29492307,	0
29492306,	0
29492305,	0
29492302,	0
29492301,	0
29492300,	0
29492299,	0
29492298,	0
29492297,	0
29492294,	0
29492293,	0
29492292,	0
29492291,	0
29492290,	0
29492289,	0
29492350,	0
29492349,	0
29492348,	0
29492347,	0
29492346,	0
29492345,	0
29492342,	0
29492341,	196
29492340,	0
29492339,	0
29492338,	0
29492337,	0
29492336,	0
29492334,	0
29492333,	0
29492332,	0
29492331,	0
29492330,	0
29492329,	0
29492326,	0
29492325,	0
29492324,	0
29492323,	0
29492322,	0
29492321,	0
29492320,	0
29492382,	0
29492381,	0
29492380,	0
29492379,	0
29492378,	0
29492377,	0
29492374,	0
29492373,	0
29492372,	0
29492371,	0
29492370,	0
29492369,	0
29492367,	0
29492366,	0
29492365,	0
29492364,	0
29492363,	0
29492362,	0
29492361,	0
29492358,	0
29492357,	0
29492356,	0
29492355,	0
29492354,	0
29492353,	0
29492414,	0
29492413,	0
29492412,	0
29492411,	196
29492410,	0
29492409,	0
29492408,	0
29492406,	0
29492405,	0
29492404,	0
29492403,	0
29492402,	0
29492401,	0
29492400,	0
29492398,	0
29492397,	0
29492396,	0
29492395,	196
29492394,	196
29492393,	0
29492392,	0
