29500555,	0
29500554,	0
29500553,	0
29500550,	0
29500549,	0
29500548,	0
29500547,	0
29500546,	0
29500545,	0
29500606,	0
29500605,	0
29500604,	0
29500603,	0
29500602,	0
29500601,	0
29500600,	0
29500598,	0
29500597,	0
29500596,	0
29500595,	0
29500594,	0
29500593,	0
29500592,	0
29500590,	0
29500589,	0
29500588,	0
29500587,	0
29500586,	0
29500585,	0
29500584,	0
29500583,	0
29500582,	0
29500581,	0
29500580,	0
29500579,	0
29500578,	0
29500577,	0
29500638,	0
29500637,	0
29500636,	0
29500635,	0
29500634,	0
29500633,	0
29500630,	0
29500629,	0
29500628,	0
29500627,	0
29500626,	0
29500625,	0
29500622,	0
29500621,	0
29500620,	0
29500619,	0
29500618,	0
29500617,	0
29500615,	0
29500614,	0
29500613,	0
29500612,	0
29500611,	0
29500610,	0
29500609,	0
29500670,	0
29500669,	0
29500668,	0
29500667,	0
29500666,	0
29500665,	0
29500664,	0
29500662,	0
29500661,	0
29500660,	0
29500659,	0
29500658,	0
29500657,	0
29500654,	0
29500653,	0
29500652,	0
29500651,	0
29500650,	0
29500649,	0
29500646,	0
29500645,	0
29500644,	0
29500643,	0
29500642,	0
29500641,	0
29500702,	0
29500701,	0
29500700,	0
29500699,	0
29500698,	0
29500697,	0
29500695,	0
29500694,	0
29500693,	0
29500692,	0
29500691,	0
29500690,	0
29500689,	0
29500686,	0
29500685,	0
29500684,	0
29500683,	0
29500682,	0
29500681,	0
29500678,	0
29500677,	0
29500676,	0
29500675,	0
29500674,	0
29500673,	0
29500734,	0
29500733,	0
29500732,	0
29500731,	0
29500730,	0
29500729,	0
29500726,	0
29500725,	0
29500724,	0
29500723,	0
29500722,	0
29500721,	0
29500718,	0
29500717,	0
29500716,	0
29500715,	0
29500714,	0
29500713,	0
29500711,	0
29500710,	0
29500709,	0
29500708,	0
29500707,	0
29500706,	0
29500705,	0
29500767,	0
29500766,	0
29500765,	0
29500764,	0
29500763,	0
29500762,	0
29500761,	0
29500758,	0
29500757,	0
29500756,	0
29500755,	0
29500754,	0
29500753,	0
29500750,	0
29500749,	0
29500748,	0
29500747,	0
29500746,	0
29500745,	0
29500742,	0
29500741,	0
29500740,	0
29500739,	0
29500738,	0
29500737,	0
29500798,	0
29500797,	0
