29508718,	0
29508717,	0
29508716,	0
29508715,	0
29508714,	0
29508713,	0
29508710,	0
29508709,	0
29508708,	0
29508707,	0
29508706,	0
29508705,	0
29508704,	0
29508766,	0
29508765,	0
29508764,	0
29508763,	0
29508762,	0
29508761,	0
29508758,	0
29508757,	0
29508756,	0
29508755,	0
29508754,	0
29508753,	0
29508751,	0
29508750,	0
29508749,	0
29508748,	0
29508747,	0
29508746,	0
29508745,	0
29508742,	0
29508741,	0
29508740,	0
29508739,	0
29508738,	0
29508737,	0
29508798,	0
29508797,	0
29508796,	0
29508795,	0
29508794,	0
29508793,	0
29508792,	0
29508790,	0
29508789,	0
29508788,	0
29508787,	0
29508786,	0
29508785,	0
29508784,	0
29508782,	0
29508781,	0
29508780,	0
29508779,	0
29508778,	0
29508777,	0
29508776,	0
29508775,	0
29508774,	0
29508773,	0
29508772,	0
29508771,	0
29508770,	0
29508769,	0
29508830,	0
29508829,	0
29508828,	0
29508827,	0
29508826,	0
29508825,	0
29508822,	0
29508821,	0
29508820,	0
29508819,	0
29508818,	0
29508817,	0
29508814,	0
29508813,	0
29508812,	0
29508811,	0
29508810,	0
29508809,	0
29508807,	0
29508806,	0
29508805,	0
29508804,	0
29508803,	0
29508802,	0
29508801,	0
29508862,	0
29508861,	0
29508860,	0
29508859,	0
29508858,	0
29508857,	0
29508856,	0
29508854,	0
29508853,	0
29508852,	0
29508851,	0
29508850,	0
29508849,	0
29508846,	0
29508845,	0
29508844,	0
29508843,	0
29508842,	0
29508841,	0
29508838,	0
29508837,	0
29508836,	0
29508835,	0
29508834,	0
29508833,	0
29508894,	0
29508893,	0
29508892,	0
29508891,	0
29508890,	0
29508889,	0
29508887,	0
29508886,	0
29508885,	0
29508884,	0
29508883,	0
29508882,	0
29508881,	0
29508878,	0
29508877,	0
29508876,	0
29508875,	0
29508874,	0
29508873,	0
29508870,	0
29508869,	0
29508868,	0
29508867,	0
29508866,	0
29508865,	0
29508926,	0
29508925,	0
29508924,	0
29508923,	0
29508922,	0
29508921,	0
29508918,	0
29508917,	0
29508916,	0
29508915,	0
29508914,	0
29508913,	0
29508910,	0
29508909,	0
29508908,	0
29508907,	0
29508906,	0
29508905,	0
29508903,	0
29508902,	0
29508901,	0
29508900,	0
