29516870,	0
29516869,	196
29516868,	0
29516867,	0
29516866,	0
29516865,	0
29516925,	0
29516924,	0
29516922,	0
29516921,	0
29516918,	0
29516917,	0
29516916,	0
29516915,	0
29516914,	0
29516913,	196
29516908,	0
29516907,	196
29516906,	0
29516905,	0
29516903,	0
29516901,	0
29516900,	0
29516899,	0
29516898,	0
29516897,	0
29516959,	0
29516958,	0
29516957,	0
29516956,	0
29516955,	0
29516954,	0
29516953,	0
29516951,	0
29516950,	0
29516949,	0
29516947,	0
29516946,	0
29516945,	0
29516944,	0
29516943,	0
29516942,	0
29516941,	0
29516940,	0
29516939,	0
29516937,	0
29516936,	0
29516934,	0
29516991,	0
29516990,	0
29516988,	0
29516987,	0
29516986,	0
29516985,	0
29516984,	0
29516983,	0
29516982,	0
29516981,	0
29516980,	0
29516979,	0
29516978,	0
29516977,	0
29516976,	0
29516975,	0
29516974,	0
29516973,	0
29516972,	0
29516971,	0
29516969,	0
29516968,	0
29516967,	0
29516966,	0
29516965,	0
29516964,	0
29516963,	0
29516962,	0
29516961,	0
29516960,	0
29517023,	0
29517021,	0
29517014,	0
29517010,	0
29517009,	0
29517008,	0
29517007,	0
29517006,	0
29517004,	0
29517003,	0
29517002,	0
29517001,	0
29517000,	0
29516999,	0
29516997,	0
29516995,	0
29516994,	0
29516993,	0
29516992,	0
29517051,	0
29517050,	0
29517049,	0
29517047,	0
29517046,	0
29517045,	0
29517044,	0
29517043,	0
29517042,	0
29517041,	0
29517040,	0
29517039,	0
29517036,	0
29517035,	0
29517034,	0
29517033,	0
29517032,	0
29517031,	0
29517030,	0
29517029,	0
29517028,	0
29517027,	0
29517026,	0
29517025,	0
29517085,	0
29517084,	0
29517082,	0
29517081,	0
29517078,	0
29517077,	0
29517076,	0
29517075,	0
29517074,	0
29517073,	196
29517068,	0
29517067,	0
29517066,	0
29517065,	0
29517063,	0
29517061,	0
29517060,	0
29517059,	0
29517058,	0
29517057,	0
29517119,	0
29517118,	0
29517117,	0
29517116,	0
29517115,	0
29517114,	0
29517113,	0
29517111,	0
29517110,	0
29517109,	0
29517107,	0
29517106,	0
29517105,	0
29517104,	0
29517103,	0
29517102,	0
29517101,	0
29517100,	0
29517099,	0
29517097,	0
29517096,	0
29517094,	0
