29525212,	0
29525211,	0
29525210,	0
29525209,	196
29525208,	0
29525207,	0
29525206,	196
29525205,	0
29525204,	0
29525203,	0
29525202,	0
29525201,	0
29525199,	0
29525198,	0
29525197,	0
29525192,	0
29525188,	0
29525184,	0
29525236,	0
29525232,	0
29525224,	0
29525220,	0
29525216,	196
29525278,	0
29525277,	0
29525276,	0
29525275,	0
29525274,	0
29525273,	0
29525272,	0
29525271,	0
29525270,	0
29525269,	0
29525268,	0
29525267,	0
29525266,	0
29525265,	0
29525263,	0
29525262,	0
29525261,	0
29525259,	0
29525258,	0
29525256,	84
29525252,	0
29525248,	0
29525300,	0
29525296,	0
29525288,	0
29525284,	0
29525280,	0
29525342,	0
29525341,	0
29525340,	0
29525339,	0
29525338,	0
29525337,	0
29525336,	0
29525335,	0
29525334,	0
29525333,	0
29525332,	0
29525331,	0
29525330,	0
29525329,	0
29525327,	0
29525326,	0
29525325,	0
29525323,	0
29525322,	0
29525320,	0
29525316,	0
29525312,	0
29525364,	0
29525360,	0
29525352,	0
29525348,	0
29525344,	195
29525406,	0
29525405,	0
29525404,	0
29525403,	0
29525402,	0
29525401,	0
29525400,	0
29525399,	0
29525398,	0
29525397,	0
29525396,	0
29525395,	0
29525394,	0
29525393,	0
29525391,	0
29525390,	0
29525389,	0
29525387,	0
29525386,	0
29525384,	0
29525380,	0
29525376,	0
29525428,	0
29525424,	0
29525416,	0
29525412,	0
29525408,	75
29525470,	0
29525469,	0
29525468,	0
29525467,	0
29525466,	0
29525465,	0
29525464,	0
29525463,	0
29525462,	0
29525461,	0
29525460,	0
29525459,	0
29525458,	0
29525457,	0
29525455,	0
29525454,	0
29525453,	0
29525451,	0
29525450,	0
29525448,	0
29525444,	0
29525440,	0
29525492,	0
29525488,	0
29525480,	0
29525476,	0
29525472,	0
29525534,	0
29525533,	0
29525532,	0
29525531,	0
29525530,	0
29525529,	196
29525528,	0
29525527,	0
29525526,	196
29525525,	0
29525524,	0
29525523,	0
29525522,	0
29525521,	0
29525519,	0
29525518,	0
29525517,	0
29525515,	0
29525514,	0
29525512,	0
29525508,	0
29525504,	0
29525556,	0
29525552,	0
29525544,	0
29525540,	182
29525630,	0
29525629,	0
29525628,	0
29525627,	0
29525626,	0
29525625,	0
