29529515,	0
29529511,	0
29529507,	0
29529567,	0
29529565,	0
29529564,	0
29529563,	0
29529562,	0
29529561,	0
29529560,	0
29529559,	0
29529558,	0
29529557,	0
29529556,	0
29529554,	0
29529553,	0
29529552,	0
29529550,	0
29529549,	0
29529548,	0
29529546,	0
29529545,	0
29529595,	0
29529587,	0
29529583,	0
29529579,	0
29529575,	0
29529571,	0
29529631,	0
29529629,	0
29529628,	196
29529627,	0
29529626,	0
29529625,	196
29529624,	0
29529623,	0
29529622,	0
29529621,	0
29529620,	0
29529618,	0
29529617,	0
29529616,	0
29529614,	0
29529613,	0
29529612,	0
29529611,	196
29529610,	0
29529609,	0
29529607,	0
29529659,	0
29529651,	0
29529643,	0
29529639,	0
29529635,	0
29529727,	0
29529725,	0
29529724,	0
29529723,	0
29529722,	0
29529721,	0
29529720,	0
29529719,	0
29529718,	0
29529717,	0
29529716,	0
29529714,	0
29529713,	0
29529712,	0
29529710,	0
29529709,	0
29529708,	0
29529706,	0
29529705,	0
29529703,	0
29529755,	0
29529747,	0
29529739,	0
29529735,	0
29529731,	0
29529791,	0
29529789,	0
29529788,	0
29529787,	0
29529786,	0
29529784,	0
29529783,	0
29529782,	0
29529781,	0
29529780,	0
29529778,	0
29529777,	0
29529776,	0
29529774,	0
29529773,	0
29529772,	0
29529770,	0
29529769,	0
29529819,	0
29529811,	0
29529803,	0
29529801,	0
29529799,	0
29529796,	0
29529795,	0
29529794,	0
29529792,	0
29529855,	0
29529853,	0
29529852,	0
29529851,	0
29529850,	0
29529849,	0
29529848,	0
29529847,	0
29529846,	0
29529845,	0
29529844,	0
29529843,	0
29529842,	0
29529841,	0
29529840,	0
29529838,	0
29529837,	0
29529836,	0
29529834,	0
29529833,	0
29529831,	0
29529883,	0
29529875,	0
29529871,	0
29529867,	0
29529863,	0
29529859,	0
29529919,	0
29529917,	0
29529916,	0
29529915,	0
29529914,	0
29529913,	0
29529912,	0
29529911,	0
29529910,	0
29529909,	0
29529908,	0
29529906,	0
29529905,	0
29529904,	0
29529902,	0
29529901,	0
29529900,	0
29529898,	0
29529897,	0
29529895,	0
29529947,	0
29529939,	0
29529931,	0
29529927,	0
29529923,	0
29529983,	0
29529981,	0
29529980,	0
29529979,	0
29529978,	0
