29533749,	0
29533741,	0
29533733,	0
29533821,	0
29533809,	0
29533805,	0
29533855,	0
29533854,	0
29533845,	0
29533837,	0
29533831,	0
29533830,	0
29533829,	0
29533885,	0
29533873,	0
29533870,	0
29533869,	0
29533863,	0
29533862,	0
29533909,	0
29533901,	0
29533949,	0
29533933,	0
29533981,	0
29533957,	0
29534001,	0
29533999,	0
29533998,	0
29533997,	0
29534031,	0
29534030,	0
29534029,	0
29534025,	0
29534077,	0
29534065,	0
29534057,	0
29534051,	0
29534050,	0
29534093,	0
29534137,	0
29534173,	0
29534167,	0
29534166,	0
29534215,	0
29534214,	0
29534213,	0
29534259,	0
29534258,	0
29534293,	0
29534291,	0
29534290,	0
29534275,	0
29534274,	0
29534329,	0
29534325,	0
29534313,	0
29534309,	0
29534353,	0
29534343,	0
29534342,	0
29534389,	0
29534377,	0
29534431,	0
29534430,	0
29534461,	0
29534453,	0
29534451,	0
29534450,	0
29534447,	0
29534446,	0
29534441,	0
29534485,	0
29534483,	0
29534482,	0
29534481,	0
29534469,	0
29534467,	0
29534466,	0
29534583,	0
29534582,	0
