29574769,	0
29574767,	0
29574765,	0
29574762,	0
29574761,	0
29574757,	0
29574756,	0
29574755,	0
29574753,	0
29574752,	0
29574815,	0
29574812,	0
29574811,	0
29574810,	0
29574809,	0
29574808,	0
29574807,	0
29574804,	0
29574801,	0
29574799,	0
29574796,	0
29574795,	0
29574794,	0
29574793,	0
29574791,	0
29574785,	0
29574784,	0
29574843,	196
29574842,	196
29574841,	0
29574840,	0
29574839,	0
29574836,	0
29574833,	0
29574828,	0
29574827,	0
29574825,	0
29574822,	0
29574821,	0
29574820,	0
29574818,	0
29574817,	0
29574876,	0
29574875,	0
29574870,	0
29574868,	0
29574863,	0
29574860,	0
29574858,	0
29574856,	0
29574853,	0
29574852,	0
29574851,	0
29574850,	0
29574907,	0
29574904,	0
29574903,	0
29574902,	0
29574901,	0
29574900,	0
29574898,	0
29574897,	0
29574895,	0
29574891,	0
29574888,	0
29574887,	0
29574886,	0
29574885,	0
29574882,	0
29574881,	0
29574943,	0
29574942,	0
29574939,	0
29574935,	0
29574934,	0
29574933,	0
29574929,	0
29574927,	0
29574925,	0
29574923,	0
29574921,	0
29574920,	0
29574919,	0
29574916,	0
29574914,	0
29574975,	0
29574974,	0
29574971,	0
29574969,	0
29574964,	0
29574962,	0
29574961,	0
29574959,	0
29574955,	0
29574954,	0
29574953,	0
29574952,	0
29574951,	0
29574949,	0
29574946,	0
29574945,	0
29575007,	0
29575003,	0
29575001,	0
29574999,	0
29574997,	0
29574996,	0
29574993,	0
29574991,	0
29574990,	0
29574987,	0
29574986,	0
29574985,	0
29574984,	0
29574981,	0
29574980,	0
29574977,	0
29574976,	0
29575039,	0
29575035,	0
29575033,	0
29575031,	0
29575029,	0
29575027,	0
29575026,	0
29575025,	0
29575023,	0
29575022,	0
29575021,	196
29575019,	0
29575018,	0
29575017,	0
29575014,	0
29575013,	0
29575012,	0
29575010,	0
29575009,	0
29575008,	0
29575071,	0
29575070,	0
29575069,	0
29575067,	0
29575065,	0
29575063,	0
29575060,	0
29575059,	0
29575058,	0
29575056,	0
29575055,	0
29575054,	0
29575053,	0
29575051,	0
29575050,	0
29575049,	0
29575048,	0
29575047,	0
29575046,	0
29575044,	0
29575043,	0
29575041,	0
29575102,	0
29575101,	0
29575097,	0
