29582707,	0
29582706,	0
29582703,	0
29582702,	0
29582701,	0
29582699,	0
29582698,	0
29582696,	0
29582695,	0
29582692,	0
29582691,	0
29582689,	0
29582688,	0
29582751,	0
29582750,	0
29582748,	0
29582745,	0
29582743,	0
29582741,	0
29582737,	0
29582735,	0
29582734,	0
29582733,	0
29582732,	0
29582731,	0
29582730,	0
29582728,	0
29582727,	0
29582723,	0
29582722,	0
29582721,	0
29582783,	0
29582782,	0
29582781,	0
29582780,	0
29582779,	0
29582778,	0
29582777,	0
29582776,	0
29582771,	0
29582769,	0
29582768,	0
29582767,	0
29582766,	0
29582765,	0
29582763,	0
29582762,	0
29582761,	0
29582759,	0
29582757,	0
29582755,	0
29582754,	0
29582753,	0
29582815,	0
29582814,	0
29582813,	0
29582811,	0
29582810,	0
29582809,	0
29582803,	0
29582802,	0
29582801,	0
29582799,	0
29582795,	0
29582794,	0
29582792,	0
29582791,	0
29582790,	42
29582788,	0
29582786,	0
29582785,	0
29582846,	0
29582844,	0
29582841,	0
29582839,	0
29582833,	0
29582832,	0
29582831,	0
29582830,	0
29582829,	0
29582828,	0
29582827,	0
29582825,	0
29582819,	0
29582817,	0
29582816,	0
29582879,	0
29582878,	0
29582877,	0
29582874,	0
29582873,	0
29582872,	0
29582871,	0
29582865,	98
29582863,	0
29582862,	0
29582859,	0
29582858,	0
29582857,	0
29582856,	0
29582855,	0
29582854,	0
29582851,	0
29582850,	0
29582849,	0
29582911,	0
29582910,	0
29582908,	0
29582907,	0
29582906,	0
29582903,	0
29582897,	0
29582895,	0
29582894,	0
29582893,	0
29582890,	0
29582887,	0
29582886,	0
29582883,	0
29582882,	0
29582880,	0
29582970,	0
29582967,	0
29582962,	0
29582961,	0
29582959,	0
29582957,	0
29582954,	0
29582953,	0
29582949,	0
29582948,	0
29582947,	0
29582945,	0
29582944,	0
29583007,	0
29583004,	0
29583003,	0
29583002,	0
29583001,	0
29583000,	0
29582999,	0
29582996,	0
29582993,	0
29582991,	0
29582988,	0
29582987,	0
29582986,	0
29582985,	0
29582983,	0
29582977,	0
29582976,	0
29583035,	196
29583034,	196
29583033,	0
29583032,	0
29583031,	0
29583028,	0
29583025,	0
29583020,	0
29583019,	0
29583017,	0
29583014,	0
29583013,	0
