29586831,	0
29586830,	0
29586829,	0
29586828,	0
29586827,	0
29586826,	0
29586824,	0
29586823,	0
29586819,	0
29586818,	0
29586817,	0
29586879,	0
29586878,	0
29586877,	0
29586876,	0
29586875,	0
29586874,	0
29586873,	0
29586872,	0
29586867,	0
29586865,	0
29586864,	0
29586863,	0
29586862,	0
29586861,	0
29586859,	0
29586858,	0
29586857,	0
29586855,	0
29586853,	0
29586851,	0
29586850,	0
29586849,	0
29586911,	0
29586910,	0
29586909,	0
29586907,	0
29586906,	0
29586905,	0
29586899,	0
29586898,	0
29586897,	0
29586895,	0
29586891,	0
29586890,	0
29586888,	0
29586887,	0
29586886,	42
29586884,	0
29586882,	0
29586881,	0
29586942,	0
29586940,	0
29586937,	0
29586935,	196
29586929,	0
29586928,	0
29586927,	0
29586926,	0
29586925,	0
29586924,	0
29586923,	196
29586921,	0
29586915,	0
29586913,	0
29586912,	0
29586975,	196
29586974,	0
29586973,	0
29586970,	0
29586969,	0
29586968,	0
29586967,	0
29586961,	0
29586959,	0
29586958,	0
29586955,	0
29586954,	0
29586953,	0
29586952,	0
29586951,	0
29586950,	0
29586947,	0
29586946,	0
29586945,	0
29587007,	0
29587006,	0
29587004,	0
29587003,	0
29587002,	0
29586999,	0
29586993,	0
29586991,	0
29586990,	0
29586989,	0
29586986,	0
29586983,	0
29586982,	0
29586979,	0
29586978,	0
29586976,	0
29587066,	0
29587063,	0
29587058,	0
29587057,	0
29587055,	0
29587053,	0
29587050,	0
29587049,	0
29587045,	0
29587044,	0
29587043,	0
29587041,	0
29587040,	0
29587103,	0
29587100,	0
29587099,	0
29587098,	0
29587097,	0
29587096,	0
29587095,	0
29587092,	0
29587089,	0
29587087,	0
29587084,	0
29587083,	0
29587082,	0
29587081,	0
29587079,	0
29587073,	0
29587072,	0
29587131,	196
29587130,	196
29587129,	0
29587128,	0
29587127,	0
29587124,	0
29587121,	0
29587116,	0
29587115,	0
29587113,	0
29587110,	0
29587109,	0
29587108,	0
29587106,	0
29587105,	0
29587164,	0
29587163,	0
29587158,	0
29587156,	0
29587151,	0
29587148,	0
29587146,	0
29587144,	0
29587141,	0
29587140,	0
29587139,	0
29587138,	0
29587195,	0
29587192,	0
29587191,	0
29587190,	0
