29591332,	0
29591330,	0
29591329,	0
29591391,	0
29591390,	0
29591389,	0
29591388,	0
29591387,	0
29591386,	0
29591385,	0
29591382,	0
29591381,	0
29591379,	0
29591378,	0
29591377,	0
29591374,	0
29591372,	0
29591369,	0
29591368,	0
29591367,	0
29591366,	0
29591365,	0
29591364,	0
29591363,	0
29591362,	0
29591361,	0
29591360,	0
29591423,	0
29591421,	0
29591420,	0
29591419,	0
29591418,	196
29591417,	0
29591416,	0
29591414,	0
29591412,	0
29591411,	0
29591410,	0
29591409,	0
29591403,	0
29591401,	0
29591399,	0
29591397,	0
29591396,	0
29591394,	0
29591393,	0
29591455,	0
29591453,	0
29591452,	0
29591451,	0
29591450,	0
29591449,	196
29591448,	0
29591443,	0
29591442,	0
29591436,	0
29591435,	0
29591431,	0
29591429,	0
29591428,	0
29591427,	0
29591426,	196
29591425,	0
29591424,	0
29591487,	0
29591485,	0
29591484,	0
29591483,	0
29591482,	0
29591480,	0
29591478,	0
29591475,	0
29591473,	0
29591472,	0
29591470,	0
29591469,	0
29591468,	0
29591467,	0
29591466,	0
29591465,	0
29591463,	0
29591461,	0
29591460,	0
29591458,	0
29591457,	0
29591519,	0
29591517,	0
29591516,	0
29591515,	0
29591514,	0
29591513,	0
29591512,	0
29591507,	0
29591500,	0
29591498,	0
29591497,	0
29591495,	0
29591492,	0
29591491,	0
29591490,	0
29591489,	0
29591488,	0
29591551,	0
29591550,	0
29591549,	0
29591548,	0
29591547,	0
29591546,	0
29591544,	0
29591542,	0
29591541,	0
29591540,	0
29591539,	0
29591538,	0
29591537,	0
29591536,	0
29591535,	0
29591533,	0
29591532,	0
29591531,	0
29591529,	0
29591528,	0
29591527,	0
29591526,	0
29591525,	0
29591524,	0
29591522,	0
29591521,	0
29591583,	0
29591582,	0
29591581,	0
29591580,	0
29591578,	0
29591577,	0
29591573,	0
29591571,	0
29591566,	0
29591564,	0
29591561,	0
29591560,	0
29591559,	0
29591558,	0
29591557,	0
29591556,	0
29591555,	0
29591554,	0
29591553,	0
29591552,	0
29591614,	0
29591613,	0
29591612,	0
29591611,	0
29591610,	0
29591608,	0
29591603,	0
29591602,	0
29591601,	0
29591600,	0
29591599,	0
29591596,	0
29591595,	0
29591594,	0
29591593,	0
29591591,	0
