29598641,	0
29598640,	0
29598637,	0
29598634,	0
29598633,	0
29598632,	0
29598629,	0
29598628,	0
29598626,	0
29598625,	0
29598624,	0
29598684,	0
29598682,	0
29598680,	182
29598678,	0
29598676,	196
29598672,	0
29598671,	0
29598670,	0
29598669,	196
29598667,	0
29598664,	0
29598662,	0
29598658,	0
29598656,	0
29598714,	0
29598712,	0
29598711,	0
29598710,	0
29598709,	0
29598702,	0
29598698,	0
29598692,	196
29598691,	0
29598690,	0
29598689,	196
29598751,	0
29598748,	0
29598745,	0
29598742,	0
29598739,	0
29598734,	0
29598726,	0
29598774,	0
29598768,	0
29598766,	0
29598755,	0
29598753,	0
29598752,	0
29598811,	0
29598810,	0
29598809,	0
29598808,	0
29598805,	0
29598804,	196
29598803,	0
29598800,	0
29598797,	115
29598795,	0
29598792,	0
29598787,	0
29598786,	0
29598784,	0
29598840,	0
29598837,	0
29598835,	0
29598833,	0
29598832,	75
29598827,	0
29598826,	0
29598825,	0
29598824,	0
29598818,	0
29598817,	0
29598816,	0
29598879,	0
29598878,	28
29598877,	0
29598876,	0
29598875,	0
29598874,	0
29598873,	0
29598870,	28
29598869,	0
29598867,	0
