29598944,	0
29599007,	0
29599006,	0
29599005,	0
29599004,	0
29599003,	0
29599002,	42
29598999,	0
29598994,	0
29598992,	0
29598991,	0
29598988,	0
29598986,	0
29598984,	0
29598983,	0
29598982,	0
29598981,	0
29598980,	0
29598979,	0
29598977,	0
29598976,	0
29599039,	0
29599038,	0
29599037,	0
29599035,	0
29599033,	0
29599032,	0
29599028,	0
29599026,	0
29599024,	28
29599023,	0
29599021,	0
29599019,	42
29599018,	0
29599017,	0
29599016,	0
29599015,	0
29599014,	0
29599013,	0
29599011,	0
29599009,	0
29599008,	0
29599071,	0
29599070,	0
29599069,	0
29599068,	0
29599067,	0
29599065,	0
29599064,	0
29599063,	0
29599062,	0
29599060,	0
29599059,	115
29599058,	0
29599056,	0
29599055,	0
29599054,	0
29599053,	0
29599050,	0
29599048,	0
29599047,	0
29599046,	0
29599045,	0
29599044,	0
29599043,	0
29599042,	0
29599103,	0
29599102,	0
29599101,	0
29599098,	0
29599096,	0
29599095,	0
29599093,	0
29599092,	0
29599091,	0
29599090,	0
29599088,	0
29599087,	0
29599085,	0
29599083,	0
29599081,	0
29599080,	0
29599079,	0
29599078,	0
29599077,	0
29599076,	0
29599075,	0
29599074,	0
29599073,	0
29599072,	0
29599135,	0
29599134,	0
29599133,	0
29599132,	0
29599131,	0
29599130,	0
29599129,	0
29599127,	0
29599124,	0
29599123,	0
29599122,	0
29599120,	0
29599119,	0
29599118,	0
29599117,	0
29599116,	0
29599114,	0
29599112,	0
29599111,	0
29599110,	0
29599109,	0
29599108,	0
29599107,	0
29599106,	75
29599104,	0
29599166,	0
29599165,	0
29599163,	0
29599160,	0
29599159,	0
29599156,	0
29599154,	0
29599152,	0
29599151,	0
29599149,	0
29599147,	0
29599146,	0
29599145,	0
29599144,	0
29599143,	0
29599142,	0
29599141,	0
29599140,	0
29599139,	0
29599138,	0
29599137,	0
29599136,	0
29599199,	0
29599198,	0
29599196,	0
29599195,	0
29599194,	0
29599193,	0
29599192,	0
29599190,	0
29599189,	0
29599186,	0
29599184,	0
29599183,	0
29599182,	0
29599181,	0
29599179,	0
29599178,	0
29599176,	0
29599175,	0
29599174,	0
29599173,	0
29599172,	0
29599171,	0
29599231,	0
29599230,	0
29599229,	0
29599227,	0
