29600262,	0
29600261,	0
29600259,	0
29600257,	0
29600256,	0
29600319,	0
29600318,	0
29600317,	0
29600316,	0
29600315,	0
29600310,	0
29600306,	0
29600304,	0
29600298,	0
29600296,	0
29600295,	0
29600294,	0
29600293,	0
29600292,	0
29600291,	0
29600288,	0
29600351,	0
29600350,	0
29600349,	0
29600347,	0
29600346,	0
29600345,	0
29600344,	0
29600340,	0
29600338,	0
29600337,	0
29600335,	0
29600334,	0
29600333,	0
29600331,	0
29600329,	0
29600326,	0
29600325,	0
29600324,	0
29600323,	0
29600321,	0
29600320,	0
29602438,	0
29602465,	0
29602526,	0
29602525,	0
29602524,	0
29602523,	0
29602518,	0
29602515,	0
29602514,	0
29602513,	0
29602510,	0
29602509,	0
29602508,	0
29602507,	0
29602506,	0
29602504,	0
29602502,	0
29602501,	0
29602499,	0
29602498,	0
29602496,	0
29602555,	0
