29603067,	0
29603064,	0
29603062,	0
29603060,	0
29603058,	0
29603057,	0
29603055,	0
29603054,	0
29603053,	0
29603050,	0
29603049,	0
29603048,	0
29603047,	0
29603046,	0
29603045,	0
29603044,	112
29603043,	0
29603040,	0
29603103,	0
29603102,	0
29603101,	0
29603100,	0
29603099,	0
29603098,	0
29603095,	0
29603090,	0
29603088,	0
29603087,	0
29603084,	0
29603082,	0
29603080,	0
29603079,	0
29603078,	0
29603077,	0
29603076,	0
29603075,	0
29603073,	72
29603072,	42
29603135,	0
29603134,	0
29603133,	0
29603131,	0
29603129,	0
29603128,	0
29603124,	0
29603122,	0
29603120,	0
29603119,	0
29603117,	0
29603115,	42
29603114,	0
29603113,	0
29603112,	0
29603111,	0
29603110,	0
29603109,	0
29603107,	0
29603105,	0
29603104,	0
29603167,	0
29603166,	0
29603165,	0
29603164,	0
29603163,	0
29603161,	0
29603160,	0
29603159,	0
29603158,	0
29603156,	0
29603155,	115
29603154,	0
29603152,	0
29603151,	0
29603150,	0
29603149,	0
29603146,	0
29603144,	0
29603143,	0
29603142,	0
29603141,	0
29603140,	0
29603139,	0
29603138,	0
29603199,	0
29603198,	0
29603197,	0
29603194,	0
29603192,	0
29603191,	0
29603189,	0
29603188,	0
29603187,	171
29603186,	0
29603184,	0
29603183,	0
29603181,	0
29603179,	0
29603177,	0
29603176,	0
29603175,	0
29603174,	0
29603173,	0
29603172,	0
29603171,	0
29603170,	0
29603169,	0
29603168,	0
29603231,	0
29603230,	0
29603229,	0
29603228,	0
29603227,	0
29603226,	0
29603225,	0
29603223,	0
29603220,	0
29603219,	0
29603218,	0
29603216,	0
29603215,	0
29603214,	0
29603213,	0
29603212,	0
29603210,	0
29603208,	0
29603207,	0
29603206,	0
29603205,	0
29603204,	0
29603203,	0
29603202,	75
29603200,	0
29603262,	0
29603261,	0
29603259,	0
29603256,	0
29603255,	0
29603252,	0
29603250,	0
29603248,	0
29603247,	0
29603245,	0
29603243,	0
29603242,	0
29603241,	0
29603240,	0
29603239,	0
29603238,	0
29603237,	0
29603236,	0
29603235,	0
29603234,	0
29603233,	0
29603232,	0
29603295,	0
29603294,	0
29603292,	0
29603291,	0
29603290,	0
29603289,	0
29603288,	0
29603286,	0
29603285,	0
