29603562,	0
29603561,	0
29603560,	0
29603559,	0
29603558,	0
29603557,	0
29603556,	0
29603555,	0
29603554,	0
29603552,	0
29603615,	0
29603614,	0
29603613,	0
29603612,	0
29603611,	0
29603609,	0
29603608,	0
29603607,	0
29603605,	0
29603604,	0
29603602,	0
29603600,	0
29603599,	0
29603597,	0
29603594,	0
29603593,	0
29603591,	0
29603590,	0
29603589,	0
29603587,	0
29603586,	0
29603585,	0
29603584,	0
29603647,	0
29603646,	0
29603645,	0
29603644,	0
29603643,	0
29603642,	0
29603641,	0
29603634,	0
29603632,	0
29603630,	0
29603629,	0
29603628,	0
29603626,	0
29603624,	0
29603623,	0
29603622,	0
29603621,	0
29603620,	0
29603619,	0
29603616,	0
29603679,	0
29603678,	0
29603677,	0
29603676,	0
29603675,	0
29603674,	0
29603672,	0
29603671,	0
29603668,	0
29603667,	0
29603666,	0
29603664,	0
29603663,	0
29603661,	0
29603657,	0
29603656,	0
29603655,	0
29603654,	0
29603653,	0
29603652,	0
29603651,	0
29603650,	0
29603649,	0
29603648,	0
29603710,	0
29603709,	196
29603708,	0
29603707,	0
29603706,	0
29603705,	0
29603704,	0
29603703,	0
29603701,	0
29603699,	0
29603698,	0
29603696,	0
29603690,	0
29603688,	0
29603686,	0
29603685,	0
29603684,	0
29603683,	0
29603680,	0
29603742,	0
29603741,	0
29603740,	0
29603739,	0
29603738,	0
29603737,	0
29603736,	0
29603731,	0
29603730,	0
29603725,	0
29603722,	0
29603718,	0
29603717,	0
29603716,	0
29603715,	0
29603714,	0
29603713,	0
29603712,	0
29603774,	0
29603773,	0
29603772,	0
29603771,	0
29603770,	0
29603769,	0
29603767,	0
29603762,	0
29603761,	0
29603760,	0
29603759,	0
29603757,	0
29603756,	0
29603755,	0
29603754,	0
29603752,	0
29603750,	0
29603749,	0
29603748,	0
29603747,	0
29603744,	0
29603806,	0
29603805,	0
29603804,	0
29603803,	0
29603802,	0
29603801,	0
29603800,	0
29603794,	0
29603789,	0
29603787,	0
29603784,	0
29603782,	0
29603781,	0
29603779,	0
29603778,	0
29603777,	0
29603776,	0
29603839,	0
29603838,	0
29603837,	0
29603836,	0
29603835,	0
29603834,	0
29603833,	0
29603831,	0
29603829,	0
29603828,	0
29603827,	0
