29611395,	0
29611394,	0
29611393,	0
29611455,	0
29611452,	0
29611450,	0
29611449,	0
29611446,	0
29611445,	0
29611443,	0
29611441,	0
29611438,	0
29611436,	0
29611435,	0
29611434,	0
29611433,	0
29611432,	0
29611431,	0
29611430,	0
29611429,	0
29611428,	0
29611427,	0
29611426,	0
29611425,	0
29611424,	0
29611487,	0
29611486,	0
29611485,	0
29611483,	0
29611482,	0
29611481,	0
29611480,	0
29611479,	0
29611476,	0
29611475,	0
29611473,	0
29611471,	0
29611470,	0
29611468,	0
29611467,	0
29611466,	0
29611465,	0
29611463,	0
29611462,	0
29611461,	0
29611460,	0
29611458,	0
29611519,	0
29611518,	0
29611516,	0
29611514,	0
29611513,	0
29611509,	0
29611507,	0
29611505,	0
29611502,	0
29611500,	0
29611499,	0
29611498,	0
29611497,	0
29611495,	0
29611494,	0
29611493,	0
29611492,	0
29611491,	0
29611490,	0
29611489,	0
29611488,	0
29611551,	0
29611550,	0
29611549,	0
29611548,	0
29611547,	0
29611546,	0
29611545,	196
29611544,	196
29611540,	0
29611539,	0
29611537,	0
29611536,	0
29611535,	0
29611533,	0
29611531,	0
29611530,	0
29611529,	0
29611528,	0
29611525,	0
29611524,	0
29611522,	0
29611521,	0
29611583,	0
29611582,	0
29611581,	0
29611580,	0
29611579,	0
29611578,	0
29611577,	0
29611576,	196
29611574,	0
29611573,	0
29611568,	0
29611565,	0
29611562,	0
29611559,	0
29611558,	0
29611556,	0
29611555,	0
29611554,	0
29611553,	0
29611552,	0
29611647,	0
29611646,	0
29611645,	0
29611644,	0
29611643,	0
29611642,	0
29611641,	0
29611640,	0
29611638,	0
29611637,	0
29611636,	0
29611635,	0
29611634,	0
29611633,	0
29611630,	0
29611627,	0
29611625,	0
29611623,	0
29611620,	0
29611619,	0
29611618,	0
29611617,	0
29611679,	0
29611677,	0
29611675,	0
29611674,	0
29611673,	0
29611669,	0
29611667,	0
29611662,	0
29611660,	0
29611655,	0
29611654,	0
29611652,	0
29611651,	0
29611650,	0
29611649,	0
29611648,	0
29611711,	0
29611710,	0
29611709,	0
29611707,	0
29611704,	0
29611702,	0
29611701,	0
29611700,	0
29611699,	0
29611698,	0
29611697,	0
29611694,	0
29611693,	0
29611691,	0
