29611689,	0
29611687,	0
29611685,	0
29611683,	0
29611681,	0
29611743,	0
29611742,	0
29611741,	0
29611740,	0
29611738,	0
29611737,	0
29611733,	0
29611731,	0
29611724,	0
29611721,	0
29611719,	0
29611718,	0
29611716,	0
29611715,	0
29611714,	0
29611713,	0
29611775,	0
29611774,	0
29611773,	0
29611772,	0
29611771,	0
29611770,	0
29611768,	0
29611763,	0
29611762,	0
29611761,	0
29611758,	0
29611756,	0
29611755,	0
29611753,	0
29611752,	0
29611751,	0
29611750,	0
29611749,	0
29611748,	0
29611747,	0
29611746,	0
29611745,	0
29611807,	0
29611806,	0
29611805,	0
29611804,	0
29611802,	0
29611801,	0
29611800,	0
29611798,	0
29611797,	0
29611796,	0
29611795,	0
29611793,	0
29611790,	0
29611788,	0
29611787,	0
29611784,	0
29611783,	0
29611782,	0
29611780,	0
29611779,	0
29611778,	0
29611777,	0
29611776,	0
29611839,	0
29611838,	0
29611837,	0
29611836,	0
29611835,	0
29611834,	0
29611832,	0
29611827,	0
29611825,	0
29611823,	0
29611821,	0
29611820,	0
29611819,	0
29611817,	0
29611815,	0
29611814,	0
29611813,	0
29611812,	0
29611810,	0
29611809,	0
29611871,	0
29611870,	0
29611869,	0
29611868,	0
29611867,	0
29611866,	0
29611865,	0
29611862,	0
29611861,	0
29611859,	0
29611858,	0
29611857,	0
29611854,	0
29611852,	0
29611849,	0
29611848,	0
29611847,	0
29611846,	0
29611845,	0
29611844,	0
29611843,	0
29611842,	0
29611841,	0
29611840,	0
29611903,	0
29611901,	0
29611900,	196
29611899,	0
29611898,	0
29611897,	0
29611896,	0
29611894,	0
29611892,	0
29611891,	0
29611890,	0
29611889,	0
29611883,	0
29611881,	0
29611879,	0
29611877,	0
29611876,	0
29611874,	0
29611873,	0
29611935,	0
29611933,	0
29611932,	0
29611931,	0
29611930,	0
29611929,	0
29611928,	0
29611923,	0
29611922,	0
29611916,	0
29611915,	0
29611911,	0
29611909,	0
29611908,	0
29611907,	0
29611906,	196
29611905,	0
29611904,	0
29611967,	0
29611965,	0
29611964,	0
29611963,	0
29611962,	0
29611960,	0
29611958,	0
29611955,	0
29611953,	0
29611952,	0
29611950,	0
29611949,	0
29611948,	0
29611947,	0
29611946,	0
