29623621,	0
29623620,	0
29623619,	0
29623618,	0
29623679,	0
29623678,	0
29623676,	0
29623675,	0
29623673,	0
29623670,	0
29623669,	0
29623668,	0
29623667,	0
29623666,	0
29623665,	0
29623662,	0
29623660,	0
29623658,	0
29623657,	0
29623656,	0
29623655,	0
29623654,	0
29623653,	0
29623652,	0
29623651,	0
29623650,	0
29623649,	0
29623648,	0
29623711,	0
29623710,	0
29623709,	0
29623708,	0
29623707,	0
29623706,	0
29623704,	0
29623702,	0
29623701,	0
29623699,	0
29623698,	0
29623697,	0
29623695,	0
29623694,	0
29623693,	0
29623692,	0
29623691,	0
29623689,	0
29623687,	0
29623686,	0
29623685,	0
29623684,	0
29623683,	75
29623682,	0
29623681,	0
29623743,	0
29623740,	0
29623738,	0
29623737,	0
29623734,	0
29623733,	0
29623731,	0
29623729,	0
29623726,	0
29623724,	0
29623723,	0
29623722,	0
29623721,	0
29623720,	0
29623719,	0
29623718,	0
29623717,	0
29623716,	0
29623715,	0
29623714,	0
29623713,	0
29623712,	0
29623775,	0
29623774,	0
29623773,	0
29623771,	0
29623770,	0
29623769,	0
29623768,	0
29623767,	0
29623764,	0
29623763,	0
29623761,	0
29623759,	0
29623758,	0
29623756,	0
29623755,	0
29623754,	0
29623753,	0
29623751,	0
29623750,	0
29623749,	0
29623748,	0
29623746,	0
29623807,	0
29623806,	0
29623804,	0
29623802,	0
29623801,	0
29623797,	0
29623795,	0
29623793,	0
29623790,	0
29623788,	0
29623787,	0
29623786,	0
29623785,	0
29623783,	0
29623782,	0
29623781,	0
29623780,	0
29623779,	0
29623778,	0
29623777,	0
29623776,	0
29623839,	0
29623838,	0
29623837,	0
29623836,	0
29623835,	0
29623834,	0
29623833,	196
29623832,	196
29623828,	0
29623827,	0
29623825,	0
29623824,	0
29623823,	0
29623821,	0
29623819,	0
29623818,	0
29623817,	0
29623816,	0
29623813,	0
29623812,	0
29623810,	0
29623809,	0
29623871,	0
29623870,	0
29623869,	0
29623868,	0
29623867,	0
29623866,	0
29623865,	0
29623864,	196
29623862,	0
29623861,	0
29623856,	0
29623853,	0
29623850,	0
29623849,	0
29623847,	0
29623846,	0
29623844,	0
29623843,	0
29623842,	0
29623841,	0
29623840,	0
29623935,	0
29623934,	0
