29623933,	0
29623932,	0
29623931,	0
29623930,	0
29623929,	0
29623928,	0
29623926,	0
29623925,	0
29623924,	0
29623923,	0
29623922,	0
29623921,	0
29623918,	0
29623915,	0
29623913,	0
29623911,	0
29623908,	0
29623907,	0
29623906,	0
29623905,	0
29623967,	0
29623965,	0
29623963,	0
29623962,	0
29623961,	0
29623957,	0
29623955,	0
29623950,	0
29623948,	0
29623943,	0
29623942,	0
29623940,	0
29623939,	0
29623938,	0
29623937,	0
29623936,	0
29623999,	0
29623998,	0
29623997,	0
29623995,	0
29623994,	0
29623992,	0
29623990,	0
29623989,	0
29623988,	0
29623987,	0
29623986,	0
29623985,	0
29623982,	0
29623981,	0
29623979,	0
29623977,	0
29623975,	0
29623973,	0
29623971,	0
29623969,	0
29624031,	0
29624030,	0
29624029,	0
29624028,	0
29624026,	0
29624025,	0
29624021,	0
29624019,	0
29624012,	0
29624009,	0
29624007,	0
29624006,	0
29624004,	0
29624003,	0
29624002,	0
29624001,	0
29624063,	0
29624062,	0
29624061,	0
29624060,	0
29624059,	0
29624058,	0
29624056,	0
29624051,	0
29624050,	0
29624049,	0
29624046,	0
29624044,	0
29624043,	0
29624041,	0
29624040,	0
29624039,	0
29624038,	0
29624037,	0
29624036,	0
29624035,	0
29624034,	0
29624033,	0
29624095,	0
29624094,	0
29624093,	0
29624092,	0
29624090,	0
29624089,	0
29624088,	0
29624086,	0
29624085,	0
29624084,	0
29624083,	0
29624081,	0
29624078,	0
29624076,	0
29624075,	0
29624072,	0
29624071,	0
29624070,	0
29624068,	0
29624067,	0
29624066,	0
29624065,	0
29624064,	0
29624127,	0
29624126,	0
29624125,	0
29624124,	0
29624123,	0
29624122,	0
29624120,	0
29624115,	0
29624113,	0
29624111,	0
29624109,	0
29624108,	0
29624107,	0
29624105,	0
29624103,	0
29624102,	0
29624101,	0
29624100,	0
29624098,	0
29624097,	0
29624159,	0
29624158,	0
29624157,	0
29624156,	0
29624155,	0
29624154,	0
29624153,	0
29624150,	0
29624149,	0
29624147,	0
29624146,	0
29624145,	0
29624142,	0
29624140,	0
29624137,	0
29624136,	0
29624135,	0
29624134,	0
29624133,	0
29624132,	0
29624131,	0
29624130,	0
29624129,	0
29624128,	0
29624191,	0
29624189,	0
