29628504,	0
29628503,	0
29628501,	0
29628499,	0
29628498,	0
29628497,	0
29628494,	0
29628492,	0
29628490,	0
29628489,	0
29628488,	0
29628486,	0
29628484,	0
29628482,	0
29628481,	0
29628480,	0
29628543,	0
29628542,	0
29628541,	0
29628540,	0
29628538,	0
29628536,	0
29628531,	0
29628530,	0
29628529,	0
29628527,	0
29628524,	0
29628523,	0
29628521,	0
29628519,	0
29628516,	0
29628514,	0
29628513,	0
29628575,	0
29628574,	0
29628572,	0
29628570,	0
29628569,	0
29628567,	0
29628565,	0
29628563,	0
29628561,	0
29628558,	0
29628557,	0
29628556,	0
29628555,	0
