29635948,	0
29635947,	0
29635946,	0
29635945,	0
29635944,	0
29635943,	0
29635942,	0
29635941,	0
29635940,	0
29635939,	0
29635938,	0
29635937,	0
29635936,	0
29635999,	0
29635998,	0
29635997,	0
29635996,	0
29635995,	0
29635994,	0
29635993,	0
29635992,	0
29635991,	0
29635990,	0
29635989,	0
29635988,	0
29635987,	0
29635986,	0
29635985,	0
29635984,	0
29635983,	0
29635982,	0
29635981,	0
29635980,	0
29635979,	0
29635978,	0
29635977,	0
29635976,	0
29635975,	0
29635974,	0
29635973,	0
29635972,	0
29635971,	0
29635970,	0
29635969,	0
29635968,	0
29636031,	0
29636030,	0
29636029,	0
29636028,	0
29636027,	0
29636026,	0
29636025,	0
29636024,	0
29636023,	0
29636022,	0
29636021,	0
29636020,	0
29636019,	0
29636018,	0
29636017,	0
29636016,	0
29636015,	0
29636014,	0
29636013,	0
29636012,	0
29636011,	0
29636010,	0
29636009,	0
29636008,	0
29636007,	0
29636006,	0
29636005,	0
29636004,	0
29636003,	0
29636002,	0
29636001,	0
29636000,	0
29636063,	0
29636062,	0
29636061,	196
29636060,	0
29636059,	0
29636058,	0
29636057,	0
29636056,	0
29636055,	0
29636054,	0
29636053,	0
29636052,	0
29636051,	0
29636050,	0
29636049,	0
29636048,	0
29636047,	0
29636046,	0
29636045,	0
29636044,	0
29636043,	0
29636042,	0
29636041,	0
29636040,	0
29636039,	0
29636038,	0
29636037,	0
29636036,	0
29636035,	0
29636034,	0
29636033,	0
29636032,	0
29636095,	0
29636094,	0
29636093,	0
29636092,	0
29636091,	0
29636090,	0
29636089,	0
29636088,	0
29636087,	0
29636086,	0
29636085,	0
29636084,	0
29636083,	0
29636082,	0
29636081,	0
29636080,	0
29636079,	0
29636078,	0
29636077,	0
29636076,	0
29636075,	0
29636074,	0
29636073,	0
29636072,	0
29636071,	0
29636070,	0
29636069,	0
29636068,	0
29636067,	0
29636066,	0
29636065,	0
29636064,	0
29636127,	0
29636126,	0
29636125,	0
29636124,	0
29636123,	0
29636122,	0
29636121,	0
29636120,	0
29636119,	0
29636118,	0
29636117,	0
29636116,	0
29636115,	0
29636114,	0
29636113,	98
29636112,	0
29636111,	0
29636110,	0
29636109,	0
29636108,	0
29636107,	0
29636106,	0
29636105,	0
