29636104,	0
29636103,	0
29636102,	0
29636101,	0
29636100,	0
29636099,	0
29636098,	0
29636097,	0
29636096,	0
29636159,	0
29636158,	0
29636157,	0
29636156,	0
29636155,	0
29636154,	0
29636153,	0
29636152,	0
29636151,	0
29636150,	0
29636149,	0
29636148,	0
29636147,	0
29636146,	0
29636145,	0
29636144,	0
29636143,	0
29636142,	0
29636141,	0
29636140,	0
29636139,	0
29636138,	0
29636137,	0
29636136,	0
29636135,	0
29636134,	0
29636133,	0
29636132,	0
29636131,	0
29636130,	0
29636129,	0
29636128,	0
29636223,	0
29636222,	0
29636221,	0
29636220,	0
29636219,	0
29636218,	0
29636217,	0
29636216,	0
29636215,	0
29636214,	0
29636213,	0
29636212,	0
29636211,	0
29636210,	0
29636209,	98
29636208,	0
29636207,	0
29636206,	0
29636205,	0
29636204,	0
29636203,	0
29636202,	0
29636201,	0
29636200,	0
29636199,	0
29636198,	0
29636197,	0
29636196,	0
29636195,	0
29636194,	98
29636193,	0
29636192,	0
29636255,	0
29636254,	0
29636253,	0
29636252,	0
29636251,	0
29636250,	0
29636249,	0
29636248,	0
29636247,	0
29636246,	0
29636245,	0
29636244,	0
29636243,	0
29636242,	0
29636241,	0
29636240,	0
29636239,	0
29636238,	0
29636237,	0
29636236,	0
29636235,	0
29636234,	0
29636233,	0
29636232,	0
29636231,	0
29636230,	0
29636229,	0
29636228,	0
29636227,	0
29636226,	0
29636225,	0
29636224,	0
29636287,	0
29636286,	0
29636285,	0
29636284,	0
29636283,	0
29636282,	0
29636281,	0
29636280,	0
29636279,	0
29636278,	0
29636277,	0
29636276,	0
29636275,	0
29636274,	0
29636273,	98
29636272,	0
29636271,	0
29636270,	0
29636269,	0
29636268,	0
29636267,	0
29636266,	0
29636265,	0
29636264,	0
29636263,	0
29636262,	0
29636261,	0
29636260,	0
29636259,	0
29636258,	0
29636257,	0
29636256,	0
29636319,	0
29636318,	0
29636317,	0
29636316,	0
29636315,	0
29636314,	0
29636313,	0
29636312,	0
29636311,	0
29636310,	0
29636309,	0
29636308,	0
29636307,	0
29636306,	0
29636305,	0
29636304,	0
29636303,	0
29636302,	0
29636301,	0
29636300,	0
29636299,	0
29636298,	0
29636297,	0
29636296,	0
29636295,	0
29636294,	0
