29636449,	0
29636448,	0
29636511,	0
29636510,	0
29636509,	0
29636508,	0
29636507,	0
29636506,	0
29636505,	0
29636504,	0
29636503,	0
29636502,	0
29636501,	0
29636500,	0
29636499,	0
29636498,	0
29636497,	0
29636496,	0
29636495,	0
29636494,	0
29636493,	0
29636492,	0
29636491,	0
29636490,	0
29636489,	0
29636488,	0
29636487,	0
29636486,	0
29636485,	0
29636484,	0
29636483,	0
29636482,	0
29636481,	98
29636480,	0
29636543,	0
29636542,	0
29636541,	0
29636540,	0
29636539,	0
29636538,	0
29636537,	0
29636536,	0
29636535,	0
29636534,	0
29636533,	0
29636532,	0
29636531,	0
29636530,	0
29636529,	0
29636528,	0
29636527,	0
29636526,	0
29636525,	0
29636524,	0
29636523,	0
29636522,	0
29636521,	0
29636520,	0
29636519,	0
29636518,	0
29636517,	0
29636516,	0
29636515,	0
29636514,	0
29636513,	0
29636512,	0
29636575,	0
29636574,	0
29636573,	0
29636572,	0
29636571,	0
29636570,	0
29636569,	0
29636568,	0
29636567,	0
29636566,	0
29636565,	0
29636564,	0
29636563,	0
29636562,	0
29636561,	0
29636560,	0
29636559,	0
29636558,	0
29636557,	0
29636556,	0
29636555,	0
29636554,	0
29636553,	0
29636552,	0
29636551,	0
29636550,	0
29636549,	0
29636548,	0
29636547,	0
29636546,	0
29636545,	0
29636544,	0
29636607,	0
29636606,	0
29636605,	0
29636604,	0
29636603,	0
29636602,	0
29636601,	0
29636600,	0
29636599,	0
29636598,	0
29636597,	0
29636596,	0
29636595,	0
29636594,	0
29636593,	0
29636592,	0
29636591,	0
29636590,	0
29636589,	0
29636588,	0
29636587,	0
29636586,	0
29636585,	0
29636584,	0
29636583,	0
29636582,	0
29636581,	0
29636580,	0
29636579,	0
29636578,	0
29636577,	0
29636576,	0
29636639,	0
29636638,	0
29636637,	0
29636636,	0
29636635,	0
29636634,	0
29636633,	0
29636632,	0
29636631,	0
29636630,	0
29636629,	0
29636628,	0
29636627,	0
29636626,	0
29636625,	0
29636624,	0
29636623,	0
29636622,	0
29636621,	0
29636620,	0
29636619,	0
29636618,	0
29636617,	0
29636616,	0
29636615,	0
29636614,	0
29636613,	0
29636612,	0
29636611,	0
29636610,	0
29636609,	0
29636608,	0
29636671,	0
