29636859,	0
29636858,	0
29636857,	0
29636856,	0
29636855,	0
29636854,	0
29636853,	0
29636852,	0
29636851,	0
29636850,	0
29636849,	0
29636848,	0
29636847,	0
29636846,	0
29636845,	0
29636844,	0
29636843,	0
29636842,	0
29636841,	0
29636840,	0
29636839,	0
29636838,	0
29636837,	0
29636836,	0
29636835,	0
29636834,	0
29636833,	0
29636832,	0
29636895,	0
29636894,	0
29636893,	0
29636892,	0
29636891,	0
29636890,	0
29636889,	0
29636888,	0
29636887,	0
29636886,	0
29636885,	0
29636884,	0
29636883,	0
29636882,	0
29636881,	0
29636880,	0
29636879,	0
29636878,	0
29636877,	0
29636876,	0
29636875,	0
29636874,	0
29636873,	0
29636872,	0
29636871,	0
29636870,	0
29636869,	0
29636868,	0
29636867,	0
29636866,	0
29636865,	0
29636864,	0
29636927,	0
29636926,	0
29636925,	0
29636924,	0
29636923,	0
29636922,	0
29636921,	0
29636920,	0
29636919,	0
29636918,	0
29636917,	0
29636916,	0
29636915,	0
29636914,	0
29636913,	0
29636912,	0
