29639520,	0
29639583,	0
29639582,	0
29639581,	0
29639580,	0
29639579,	0
29639578,	0
29639577,	0
29639576,	0
29639575,	0
29639574,	0
29639573,	0
29639572,	0
29639571,	0
29639570,	0
29639569,	0
29639568,	0
29639567,	0
29639566,	0
29639565,	0
29639564,	0
29639563,	0
29639562,	0
29639561,	0
29639560,	0
29639559,	0
29639558,	0
29639557,	0
29639556,	0
29639555,	0
29639554,	0
29639553,	0
29639552,	0
29639615,	0
29639614,	0
29639613,	0
29639612,	0
29639611,	0
29639610,	0
29639609,	0
29639608,	0
29639607,	0
29639606,	0
29639605,	0
29639604,	0
29639603,	0
29639602,	0
29639601,	0
29639600,	0
29639599,	0
29639598,	0
29639597,	0
29639596,	0
29639595,	0
29639594,	0
29639593,	0
29639592,	0
29639591,	0
29639590,	0
29639589,	0
29639588,	0
29639587,	0
29639586,	0
29639585,	0
29639584,	0
29639647,	0
29639646,	0
29639645,	0
29639644,	0
29639643,	0
29639642,	0
29639641,	0
29639640,	0
29639639,	0
29639638,	0
29639635,	0
29639634,	0
29639633,	0
29639632,	0
29639631,	0
29639630,	0
29639629,	0
29639628,	0
29639627,	0
29639626,	0
29639625,	0
29639624,	0
29639623,	0
29639622,	0
29639621,	0
29639620,	0
29639618,	0
29639617,	0
29639616,	0
29639679,	0
29639678,	0
29639677,	0
29639676,	0
29639675,	0
29639674,	0
29639673,	182
29639672,	196
29639671,	0
29639670,	0
29639669,	0
29639668,	0
29639667,	0
29639666,	0
29639664,	0
29639663,	1
29639662,	1
29639661,	14
29639660,	14
29639659,	0
29639658,	14
29639657,	196
29639656,	0
29639655,	0
29639654,	1
29639653,	12
29639652,	13
29639651,	14
29639650,	14
29639649,	196
29639648,	0
29639695,	0
29639694,	0
29639693,	0
29639692,	0
29639691,	0
29639690,	0
29639689,	0
29639688,	0
29639687,	0
29639686,	0
29639685,	0
29639684,	0
29639683,	0
29639682,	0
29639681,	0
29639680,	0
29639775,	0
29639774,	0
29639773,	0
29639772,	0
29639771,	0
29639770,	0
29639769,	0
29639768,	171
29639767,	0
29639766,	0
29639765,	0
29639764,	0
29639763,	0
29639762,	0
29639761,	0
29639760,	115
29639759,	0
29639758,	75
