29643690,	0
29643689,	0
29643688,	0
29643687,	0
29643686,	0
29643685,	0
29643684,	0
29643683,	0
29643682,	0
29643681,	0
29643680,	0
29643743,	0
29643742,	0
29643741,	0
29643740,	0
29643739,	0
29643738,	0
29643737,	0
29643736,	0
29643735,	0
29643734,	0
29643733,	0
29643732,	0
29643731,	0
29643730,	0
29643729,	0
29643728,	0
29643727,	0
29643726,	0
29643725,	0
29643724,	0
29643723,	0
29643722,	0
29643721,	0
29643720,	0
29643719,	0
29643718,	0
29643717,	0
29643716,	0
29643715,	0
29643714,	0
29643713,	0
29643712,	0
29643775,	0
29643774,	0
29643773,	0
29643772,	0
29643771,	0
29643770,	0
29643769,	0
29643768,	0
29643767,	0
29643766,	0
29643765,	0
29643764,	0
29643763,	0
29643762,	0
29643761,	0
29643760,	0
29643759,	0
29643758,	0
29643757,	0
29643756,	0
29643755,	0
29643754,	0
29643753,	0
29643752,	0
29643751,	0
29643750,	0
29643749,	0
29643748,	0
29643747,	0
29643746,	0
29643745,	0
29643744,	0
29643791,	0
29643790,	0
29643789,	0
29643788,	0
29643787,	0
29643786,	0
29643785,	0
29643784,	0
29643783,	0
29643782,	0
29643781,	0
29643780,	0
29643779,	0
29643778,	0
29643777,	0
29643776,	0
29643871,	0
29643870,	0
29643869,	0
29643868,	0
29643867,	0
29643866,	0
29643865,	0
29643864,	0
29643863,	0
29643862,	0
29643861,	0
29643860,	0
29643859,	0
29643858,	0
29643857,	0
29643856,	0
29643855,	0
29643854,	0
29643853,	0
29643852,	0
29643851,	0
29643850,	0
29643849,	0
29643848,	0
29643847,	0
29643846,	0
29643845,	0
29643844,	0
29643843,	0
29643842,	0
29643841,	0
29643840,	0
29643887,	0
29643886,	0
29643885,	0
29643884,	0
29643883,	0
29643882,	0
29643881,	0
29643880,	0
29643879,	0
29643878,	0
29643877,	0
29643876,	0
29643875,	0
29643874,	0
29643873,	0
29643872,	0
29643935,	0
29643934,	0
29643933,	0
29643932,	0
29643931,	0
29643930,	0
29643929,	0
29643928,	0
29643927,	0
29643926,	0
29643925,	0
29643924,	0
29643923,	0
29643922,	0
29643921,	0
29643920,	0
29643919,	0
29643918,	0
29643917,	0
29643916,	0
29643915,	0
29643914,	0
29643913,	0
29643912,	0
