29644477,	0
29644476,	0
29644475,	0
29644474,	0
29644473,	0
29644472,	0
29644471,	0
29644470,	0
29644469,	0
29644468,	0
29644467,	0
29644466,	0
29644465,	0
29644464,	0
29644463,	0
29644462,	0
29644461,	0
29644460,	0
29644459,	0
29644458,	0
29644457,	0
29644456,	0
29644455,	0
29644454,	0
29644453,	0
29644452,	0
29644451,	0
29644450,	0
29644449,	0
29644448,	0
29644511,	0
29644510,	0
29644509,	0
29644508,	0
29644507,	0
29644506,	0
29644505,	0
29644504,	0
29644503,	0
29644502,	0
29644501,	0
29644500,	0
29644499,	0
29644498,	98
29644497,	0
29644496,	0
29644495,	0
29644494,	0
29644493,	0
29644492,	0
29644491,	0
29644490,	0
29644489,	0
29644488,	0
29644487,	0
29644486,	0
29644485,	0
29644484,	0
29644483,	0
29644482,	0
29644481,	98
29644480,	0
29644543,	0
29644542,	0
29644541,	0
29644540,	0
29644539,	0
29644538,	0
29644537,	0
29644536,	0
29644535,	0
29644534,	0
29644533,	0
29644532,	0
29644531,	0
29644530,	0
29644529,	0
29644528,	0
29644527,	0
29644526,	0
29644525,	0
29644524,	0
29644523,	0
29644522,	0
29644521,	0
29644520,	0
29644519,	0
29644518,	0
29644517,	0
29644516,	0
29644515,	0
29644514,	0
29644513,	0
29644512,	0
29644575,	0
29644574,	0
29644573,	0
29644572,	0
29644571,	0
29644570,	0
29644569,	0
29644568,	0
29644567,	0
29644566,	0
29644565,	0
29644564,	0
29644563,	0
29644562,	98
29644561,	0
29644560,	0
29644559,	0
29644558,	0
29644557,	0
29644556,	0
29644555,	0
29644554,	0
29644553,	0
29644552,	0
29644551,	0
29644550,	0
29644549,	0
29644548,	0
29644547,	0
29644546,	0
29644545,	0
29644544,	0
29644607,	0
29644606,	0
29644605,	0
29644604,	0
29644603,	0
29644602,	0
29644601,	0
29644600,	0
29644599,	0
29644598,	0
29644597,	0
29644596,	0
29644595,	0
29644594,	0
29644593,	0
29644592,	0
29644591,	0
29644590,	0
29644589,	0
29644588,	0
29644587,	0
29644586,	0
29644585,	0
29644584,	0
29644583,	0
29644582,	0
29644581,	0
29644580,	0
29644579,	0
29644578,	0
29644577,	0
29644576,	0
29644639,	0
29644638,	0
29644637,	0
29644636,	0
29644635,	0
29644634,	0
