29645135,	0
29645134,	0
29645133,	0
29645132,	0
29645131,	0
29645130,	0
29645129,	0
29645128,	0
29645127,	0
29645126,	0
29645125,	0
29645124,	0
29645123,	0
29645122,	0
29645121,	0
29645120,	0
29645183,	0
29645182,	0
29645181,	0
29645180,	0
29645179,	0
29645178,	0
29645177,	0
29645176,	0
29645175,	0
29645174,	0
29645173,	0
29645172,	0
29645171,	0
29645170,	0
29645169,	0
29645168,	0
29645167,	0
29645166,	0
29645165,	0
29645164,	0
29645163,	0
29645162,	0
29645161,	0
29645160,	0
29645159,	0
29645158,	0
29645157,	0
29645156,	0
29645155,	0
29645154,	0
29645153,	0
29645152,	0
29645215,	0
29645214,	0
29645213,	0
29645212,	0
29645211,	0
29645210,	0
29645209,	0
29645208,	0
29645207,	0
29645206,	0
29645205,	0
29645204,	0
29645203,	0
29645202,	0
29645201,	0
29645200,	0
29645199,	0
29645198,	0
29645197,	0
29645196,	0
29645195,	0
29645194,	0
29645193,	0
29645192,	0
29645191,	0
29645190,	0
29645189,	0
29645188,	0
29645187,	0
29645186,	0
29645185,	0
29645184,	0
29645247,	0
29645246,	0
29645245,	0
29645244,	0
29645243,	0
29645242,	0
29645241,	0
29645240,	0
29645239,	0
29645238,	0
29645237,	0
29645236,	0
29645235,	0
29645234,	0
29645233,	0
29645232,	0
29645231,	0
29645230,	0
29645229,	0
29645228,	0
29645227,	0
29645226,	0
29645225,	0
29645224,	0
29645223,	0
29645222,	0
29645221,	0
29645220,	0
29645219,	0
29645218,	0
29645217,	0
29645216,	0
29645279,	0
29645278,	0
29645277,	0
29645276,	0
29645275,	0
29645274,	0
29645273,	0
29645272,	0
29645271,	0
29645270,	0
29645269,	0
29645268,	0
29645267,	0
29645266,	0
29645265,	0
29645264,	0
