29651822,	0
29651818,	0
29651816,	196
29651814,	0
29651810,	0
29651809,	0
29651808,	196
29651870,	0
29651869,	0
29651868,	0
29651867,	0
29651866,	0
29651865,	0
29651864,	182
29651857,	0
29651856,	0
29651855,	0
29651851,	0
29651850,	182
29651849,	0
29651848,	0
29651847,	0
29651846,	0
29651845,	0
29651844,	0
29651843,	0
29651842,	0
29651841,	0
29651840,	0
29651899,	0
29651898,	0
29651887,	0
29651886,	0
29651878,	0
29651877,	0
29651876,	0
29651875,	0
29651874,	0
29651873,	0
29651872,	0
29651934,	0
29651933,	0
29651932,	0
29651931,	0
29651930,	0
29651929,	0
29651928,	196
29651926,	0
29651921,	0
29651920,	0
29651919,	0
29651915,	0
29651914,	0
29651913,	0
29651912,	0
29651911,	0
29651910,	0
29651909,	0
29651908,	0
29651907,	0
29651906,	0
29651905,	0
29651904,	0
29651963,	0
29651962,	0
29651951,	0
29651950,	0
29651949,	0
29651945,	0
29651942,	0
29651941,	196
29651940,	196
29651939,	196
29651938,	0
29651937,	0
29651936,	0
29651997,	0
29651996,	0
29651990,	0
29651985,	0
29651984,	0
29651983,	0
29651974,	0
29651972,	0
29651971,	0
29651970,	0
29651969,	0
29651968,	0
29652027,	0
29652026,	0
29652019,	0
29652015,	0
29652014,	196
29652013,	0
29652009,	0
29652002,	0
29652001,	0
29652000,	0
29652062,	0
29652061,	0
29652060,	0
29652059,	0
29652058,	115
29652057,	0
29652056,	115
29652055,	0
29652053,	0
29652052,	171
29652051,	171
29652050,	0
29652049,	0
29652048,	0
29652047,	0
29652043,	0
29652042,	0
29652041,	0
29652040,	75
29652039,	0
29652038,	0
29652037,	0
29652036,	0
29652035,	0
29652034,	0
29652033,	0
29652032,	27
29652091,	0
29652090,	0
29652079,	0
29652078,	0
29652066,	0
29652065,	0
29652064,	0
29652126,	0
29652125,	0
29652124,	0
29652123,	84
29652122,	196
29652121,	126
29652120,	0
29652118,	0
29652113,	0
29652112,	0
29652111,	0
29652110,	0
29652109,	0
29652100,	0
29652099,	0
29652098,	196
29652097,	0
29652096,	196
29652158,	192
29652157,	0
29652156,	60
29652155,	0
29652154,	0
29652146,	0
29652145,	54
