29652465,	0
29652464,	0
29652463,	0
29652462,	0
29652461,	0
29652457,	0
29652450,	0
29652449,	0
29652448,	0
29652510,	0
29652509,	0
29652508,	0
29652507,	0
29652506,	196
29652505,	0
29652504,	0
29652497,	0
29652496,	0
29652495,	0
29652494,	196
29652493,	196
29652486,	0
29652484,	0
29652483,	0
29652481,	0
29652542,	0
29652541,	0
29652540,	0
29652539,	0
29652538,	0
29652530,	0
29652529,	0
29652528,	0
29652527,	0
29652526,	0
29652518,	0
29652517,	0
29652516,	0
29652515,	0
29652514,	0
29652513,	0
29652512,	0
29652606,	0
29652605,	0
29652604,	0
29652603,	0
29652602,	0
29652601,	0
29652600,	0
29652593,	0
29652592,	0
29652591,	0
29652590,	0
29652588,	0
29652582,	0
29652580,	0
29652579,	0
29652578,	0
29652577,	0
29652576,	0
29652638,	0
29652637,	0
29652636,	0
29652635,	0
29652634,	0
29652626,	0
29652625,	0
29652624,	0
29652623,	0
29652622,	0
29652614,	0
29652613,	0
29652612,	0
29652611,	0
29652610,	0
29652609,	0
29652608,	0
29652670,	0
29652669,	0
29652668,	0
29652667,	0
29652666,	0
29652665,	0
29652664,	0
29652657,	0
29652656,	0
29652655,	0
29652654,	0
29652652,	0
29652644,	0
29652643,	0
29652642,	0
29652641,	0
29652640,	0
29652702,	0
29652701,	0
29652700,	0
29652699,	0
29652698,	0
29652690,	0
29652689,	0
29652688,	0
29652687,	0
29652686,	0
29652678,	0
29652677,	0
29652676,	0
29652675,	0
29652674,	0
29652673,	0
29652672,	0
29652734,	0
29652733,	0
29652732,	0
29652731,	0
29652730,	0
29652729,	0
29652728,	0
29652726,	0
29652721,	0
29652720,	0
29652719,	0
29652718,	0
29652716,	0
29652710,	0
29652708,	0
29652707,	0
29652706,	0
29652705,	0
29652704,	0
29652766,	0
29652765,	0
29652764,	0
29652763,	0
29652762,	0
29652754,	0
29652753,	0
29652752,	0
29652751,	0
29652750,	0
29652749,	0
29652745,	0
29652742,	0
29652741,	0
29652740,	0
29652739,	0
29652738,	0
29652737,	0
29652736,	0
29652798,	0
29652797,	0
29652796,	0
29652795,	0
29652794,	0
29652793,	0
29652792,	0
29652785,	0
29652784,	0
29652783,	0
29652782,	0
29652780,	0
