29656268,	0
29656267,	0
29656266,	0
29656265,	0
29656264,	0
29656263,	0
29656262,	0
29656261,	0
29656260,	0
29656259,	0
29656258,	0
29656257,	0
29656256,	0
29656319,	0
29656318,	0
29656317,	0
29656316,	0
29656315,	0
29656314,	0
29656313,	0
29656312,	0
29656311,	0
29656310,	0
29656309,	0
29656308,	0
29656307,	0
29656306,	0
29656305,	0
29656304,	0
29656303,	0
29656302,	0
29656301,	0
29656300,	0
29656299,	0
29656298,	0
29656297,	0
29656296,	0
29656295,	0
29656294,	0
29656293,	0
29656292,	0
29656291,	0
29656290,	0
29656289,	0
29656288,	0
29656351,	0
29656350,	0
29656349,	0
29656348,	0
29656347,	0
29656346,	0
29656345,	0
29656344,	0
29656343,	0
29656342,	0
29656341,	0
29656340,	0
29656339,	0
29656338,	0
29656337,	0
29656336,	0
29656335,	0
29656334,	0
29656333,	0
29656332,	0
29656331,	0
29656330,	0
29656329,	0
29656328,	0
29656327,	0
29656326,	0
29656325,	0
29656324,	0
29656323,	0
29656322,	0
29656321,	0
29656320,	0
29656383,	0
29656382,	0
29656381,	0
29656380,	0
29656379,	0
29656378,	0
29656377,	0
29656376,	0
29656375,	0
29656374,	0
29656373,	0
29656372,	0
29656371,	0
29656370,	0
29656369,	0
29656368,	0
29656367,	0
29656366,	0
29656365,	0
29656364,	0
29656363,	0
29656362,	0
29656361,	0
29656360,	0
29656359,	0
29656358,	0
29656357,	0
29656356,	0
29656355,	0
29656354,	0
29656353,	0
29656352,	0
29656415,	0
29656414,	0
29656413,	0
29656412,	0
29656411,	0
29656410,	0
29656409,	0
29656408,	0
29656407,	0
29656406,	0
29656405,	0
29656404,	0
29656403,	0
29656402,	0
29656401,	0
29656400,	0
29656399,	0
29656398,	0
29656397,	0
29656396,	0
29656395,	0
29656394,	0
29656393,	0
29656392,	0
29656391,	0
29656390,	0
29656389,	0
29656388,	0
29656387,	0
29656386,	0
29656385,	0
29656384,	0
29656447,	0
29656446,	0
29656445,	0
29656444,	0
29656443,	0
29656442,	0
29656441,	0
29656440,	0
29656439,	0
29656438,	0
29656437,	0
29656436,	0
29656435,	0
29656434,	0
29656433,	0
29656432,	0
29656431,	0
29656430,	0
29656429,	0
29656428,	0
29656427,	0
29656426,	0
29656425,	0
