29656424,	0
29656423,	0
29656422,	0
29656421,	0
29656420,	0
29656419,	0
29656418,	0
29656417,	0
29656416,	0
29656479,	0
29656478,	0
29656477,	0
29656476,	0
29656475,	0
29656474,	0
29656473,	0
29656472,	0
29656471,	0
29656470,	0
29656469,	0
29656468,	0
29656467,	0
29656466,	0
29656465,	0
29656464,	0
29656463,	0
29656462,	0
29656461,	0
29656460,	0
29656459,	0
29656458,	0
29656457,	0
29656456,	0
29656455,	0
29656454,	0
29656453,	0
29656452,	0
29656451,	0
29656450,	0
29656449,	0
29656448,	0
29656511,	0
29656510,	0
29656509,	0
29656508,	0
29656507,	0
29656506,	0
29656505,	0
29656504,	0
29656503,	0
29656502,	0
29656501,	0
29656500,	0
29656499,	0
29656498,	0
29656497,	0
29656496,	0
29656495,	0
29656494,	0
29656493,	0
29656492,	0
29656491,	0
29656490,	0
29656489,	0
29656488,	0
29656487,	0
29656486,	0
29656485,	0
29656484,	0
29656483,	0
29656482,	0
29656481,	0
29656480,	0
29656543,	0
29656542,	0
29656541,	0
29656540,	0
29656539,	0
29656538,	0
29656537,	0
29656536,	0
29656535,	0
29656534,	0
29656533,	0
29656532,	0
29656531,	0
29656530,	0
29656529,	0
29656528,	0
29656527,	0
29656526,	0
29656525,	0
29656524,	0
29656523,	0
29656522,	0
29656521,	0
29656520,	0
29656519,	0
29656518,	0
29656517,	0
29656516,	0
29656515,	0
29656514,	0
29656513,	0
29656512,	0
29656575,	0
29656574,	0
29656573,	0
29656572,	0
29656571,	0
29656570,	0
29656569,	0
29656568,	0
29656567,	0
29656566,	0
29656565,	0
29656564,	0
29656563,	0
29656562,	0
29656561,	0
29656560,	0
29656559,	0
29656558,	0
29656557,	0
29656556,	0
29656555,	0
29656554,	0
29656553,	0
29656552,	0
29656551,	0
29656550,	0
29656549,	0
29656548,	0
29656547,	0
29656546,	0
29656545,	0
29656544,	0
29656607,	0
29656606,	0
29656605,	0
29656604,	0
29656603,	0
29656602,	0
29656601,	0
29656600,	0
29656599,	0
29656598,	0
29656597,	0
29656596,	0
29656595,	0
29656594,	0
29656593,	0
29656592,	0
29656591,	0
29656590,	0
29656589,	0
29656588,	0
29656587,	0
29656586,	0
29656585,	0
29656584,	0
29656583,	0
29656582,	0
