29656581,	0
29656580,	0
29656579,	0
29656578,	0
29656577,	0
29656576,	0
29656639,	0
29656638,	0
29656637,	0
29656636,	0
29656635,	0
29656634,	0
29656633,	0
29656632,	0
29656631,	0
29656630,	0
29656629,	0
29656628,	0
29656627,	0
29656626,	0
29656625,	0
29656624,	0
29656623,	0
29656622,	0
29656621,	0
29656620,	0
29656619,	0
29656618,	0
29656617,	0
29656616,	0
29656615,	0
29656614,	0
29656613,	0
29656612,	0
29656611,	0
29656610,	0
29656609,	0
29656608,	0
29656703,	0
29656702,	0
29656701,	0
29656700,	0
29656699,	0
29656698,	0
29656697,	0
29656696,	0
29656695,	0
29656694,	0
29656693,	0
29656692,	0
29656691,	0
29656690,	0
29656689,	0
29656688,	0
29656687,	0
29656686,	0
29656685,	0
29656684,	0
29656683,	0
29656682,	0
29656681,	0
29656680,	0
29656679,	0
29656678,	0
29656677,	0
29656676,	0
29656675,	0
29656674,	0
29656673,	0
29656672,	0
29656735,	0
29656734,	0
29656733,	0
29656732,	0
29656731,	0
29656730,	0
29656729,	0
29656728,	0
29656727,	0
29656726,	0
29656725,	0
29656724,	0
29656723,	0
29656722,	0
29656721,	0
29656720,	0
29656719,	0
29656718,	0
29656717,	0
29656716,	0
29656715,	0
29656714,	0
29656713,	0
29656712,	0
29656711,	0
29656710,	0
29656709,	0
29656708,	0
29656707,	0
29656706,	0
29656705,	0
29656704,	0
29656767,	0
29656766,	0
29656765,	0
29656764,	0
29656763,	0
29656762,	0
29656761,	0
29656760,	0
29656759,	0
29656758,	0
29656757,	0
29656756,	0
29656755,	0
29656754,	0
29656753,	0
29656752,	0
29656751,	0
29656750,	0
29656749,	0
29656748,	0
29656747,	0
29656746,	0
29656745,	0
29656744,	0
29656743,	0
29656742,	0
29656741,	0
29656740,	0
29656738,	0
29656737,	0
29656736,	0
29656799,	0
29656798,	0
29656797,	0
29656796,	0
29656795,	0
29656794,	0
29656793,	0
29656792,	0
29656791,	0
29656790,	0
29656789,	0
29656788,	0
29656787,	0
29656786,	0
29656785,	0
29656784,	0
29656783,	0
29656782,	0
29656781,	0
29656780,	0
29656779,	0
29656778,	0
29656777,	0
29656776,	0
29656775,	0
29656774,	0
29656773,	0
29656772,	0
29656771,	0
29656770,	0
