29660626,	0
29660625,	0
29660624,	0
29660623,	0
29660622,	0
29660621,	0
29660620,	0
29660619,	0
29660618,	0
29660617,	0
29660616,	0
29660615,	0
29660614,	0
29660613,	0
29660612,	0
29660611,	0
29660610,	0
29660609,	0
29660608,	0
29660671,	0
29660670,	0
29660669,	0
29660668,	0
29660667,	0
29660666,	0
29660665,	0
29660664,	0
29660663,	0
29660662,	0
29660661,	0
29660660,	0
29660659,	0
29660658,	0
29660657,	0
29660656,	0
29660655,	0
29660654,	0
29660653,	0
29660652,	0
29660651,	0
29660650,	0
29660649,	0
29660648,	0
29660647,	0
29660646,	0
29660645,	0
29660644,	0
29660643,	0
29660642,	0
29660641,	0
29660640,	0
29660703,	0
29660702,	0
29660701,	0
29660700,	0
29660699,	0
29660698,	0
29660697,	0
29660696,	0
29660695,	0
29660694,	0
29660693,	0
29660692,	0
29660691,	0
29660690,	0
29660689,	0
29660688,	0
29660687,	0
29660686,	0
29660685,	0
29660684,	0
29660683,	0
29660682,	0
29660681,	0
29660680,	0
29660679,	0
29660678,	0
29660677,	0
29660676,	0
29660675,	0
29660674,	0
29660673,	0
29660672,	0
29660735,	0
29660734,	0
29660733,	0
29660732,	0
29660731,	0
29660730,	0
29660729,	0
29660728,	0
29660727,	0
29660726,	0
29660725,	0
29660724,	0
29660723,	0
29660722,	0
29660721,	0
29660720,	0
29660719,	0
29660718,	0
29660717,	0
29660716,	0
29660715,	0
29660714,	0
29660713,	0
29660712,	0
29660711,	0
29660710,	0
29660709,	0
29660708,	0
29660707,	0
29660706,	0
29660705,	0
29660704,	0
29660799,	0
29660798,	0
29660797,	0
29660796,	0
29660795,	0
29660794,	0
29660793,	0
29660792,	0
29660791,	0
29660790,	0
29660789,	0
29660788,	0
29660787,	0
29660786,	0
29660785,	0
29660784,	0
29660783,	0
29660782,	0
29660781,	0
29660780,	0
29660779,	0
29660778,	0
29660777,	0
29660776,	0
29660775,	0
29660774,	0
29660773,	0
29660772,	0
29660771,	0
29660770,	0
29660769,	0
29660768,	0
29660831,	0
29660830,	0
29660829,	0
29660828,	0
29660827,	0
29660826,	0
29660825,	0
29660824,	0
29660823,	0
29660822,	0
29660821,	0
29660820,	0
29660819,	0
29660818,	0
29660817,	0
29660816,	0
