29660815,	0
29660814,	0
29660813,	0
29660812,	0
29660811,	0
29660810,	0
29660809,	0
29660808,	0
29660807,	0
29660806,	0
29660805,	0
29660804,	0
29660803,	0
29660802,	0
29660801,	0
29660800,	0
29660863,	0
29660862,	0
29660861,	0
29660860,	0
29660859,	0
29660858,	0
29660857,	0
29660856,	0
29660855,	0
29660854,	0
29660853,	0
29660852,	0
29660851,	0
29660850,	0
29660849,	0
29660848,	0
29660847,	0
29660846,	0
29660845,	0
29660844,	0
29660843,	0
29660842,	0
29660841,	0
29660840,	0
29660839,	0
29660838,	0
29660837,	0
29660836,	0
29660835,	0
29660834,	0
29660833,	0
29660832,	0
29660895,	0
29660894,	0
29660893,	0
29660892,	0
29660891,	0
29660890,	0
29660889,	0
29660888,	0
29660887,	0
29660886,	0
29660885,	0
29660884,	0
29660883,	0
29660882,	0
29660881,	0
29660880,	0
29660879,	0
29660878,	0
29660877,	0
29660876,	0
29660875,	0
29660874,	0
29660873,	0
29660872,	0
29660871,	0
29660870,	0
29660869,	0
29660868,	0
29660867,	0
29660866,	0
29660865,	0
29660864,	0
29660927,	0
29660926,	0
29660925,	0
29660924,	0
29660923,	0
29660922,	0
29660921,	0
29660920,	0
29660919,	0
29660918,	0
29660917,	0
29660916,	0
29660915,	0
29660914,	0
29660913,	0
29660912,	0
29660911,	0
29660910,	0
29660909,	0
29660908,	0
29660907,	0
29660906,	0
29660905,	0
29660904,	0
29660903,	0
29660902,	0
29660901,	0
29660900,	0
29660899,	0
29660898,	0
29660897,	0
29660896,	0
29660959,	0
29660958,	0
29660957,	0
29660956,	0
29660955,	0
29660954,	0
29660953,	0
29660952,	0
29660951,	0
29660950,	0
29660949,	0
29660948,	0
29660947,	0
29660946,	0
29660945,	0
29660944,	0
29660943,	0
29660942,	0
29660941,	0
29660940,	0
29660939,	0
29660938,	0
29660937,	0
29660936,	0
29660935,	0
29660934,	0
29660933,	0
29660932,	0
29660931,	0
29660930,	0
29660929,	0
29660928,	0
29660991,	0
29660990,	0
29660989,	0
29660988,	0
29660987,	0
29660986,	0
29660985,	0
29660984,	0
29660983,	0
29660982,	0
29660981,	0
29660980,	0
29660979,	0
29660978,	0
29660977,	0
29660976,	0
29660975,	0
29660974,	0
29660973,	0
29660972,	0
