29661381,	0
29661380,	0
29661379,	0
29661378,	0
29661377,	0
29661376,	0
29661439,	0
29661438,	0
29661437,	0
29661436,	0
29661435,	0
29661434,	0
29661433,	0
29661432,	0
29661431,	0
29661430,	0
29661429,	0
29661428,	0
29661427,	0
29661426,	0
29661425,	0
29661424,	0
29661423,	0
29661422,	0
29661421,	0
29661420,	0
29661419,	0
29661418,	0
29661417,	0
29661416,	0
29661415,	0
29661414,	0
29661413,	0
29661412,	0
29661411,	0
29661410,	0
29661409,	0
29661408,	0
29661471,	0
29661470,	0
29661469,	0
29661468,	0
29661467,	0
29661466,	0
29661465,	0
29661464,	0
29661463,	0
29661462,	0
29661461,	0
29661460,	0
29661459,	0
29661458,	0
29661457,	0
29661456,	0
29661455,	0
29661454,	0
29661453,	0
29661452,	0
29661451,	0
29661450,	0
29661449,	0
29661448,	0
29661447,	0
29661446,	0
29661445,	0
29661444,	0
29661443,	0
29661442,	0
29661441,	0
29661440,	0
29661503,	0
29661502,	0
29661501,	0
29661500,	0
29661499,	0
29661498,	0
29661497,	0
29661496,	0
29661495,	0
29661494,	0
29661493,	0
29661492,	0
29661491,	0
29661490,	0
29661489,	0
29661488,	0
29661487,	0
29661486,	0
29661485,	0
29661484,	0
29661483,	0
29661482,	0
29661481,	0
29661480,	0
29661479,	0
29661478,	0
29661477,	0
29661476,	0
29661475,	0
29661474,	0
29661473,	0
29661472,	0
29661535,	0
29661534,	0
29661533,	0
29661532,	0
29661531,	0
29661530,	0
29661529,	0
29661528,	0
29661527,	0
29661526,	0
29661525,	0
29661524,	0
29661523,	0
29661522,	0
29661521,	0
29661520,	0
29661519,	0
29661518,	0
29661517,	0
29661516,	0
29661515,	0
29661514,	0
29661513,	0
29661512,	0
29661511,	0
29661510,	0
29661509,	0
29661508,	0
29661507,	0
29661506,	0
29661505,	0
29661504,	0
29661567,	0
29661566,	0
29661565,	0
29661564,	0
29661563,	0
29661562,	0
29661561,	0
29661560,	0
29661559,	0
29661558,	0
29661557,	0
29661556,	0
29661555,	0
29661554,	0
29661553,	0
29661552,	0
29661551,	0
29661550,	0
29661549,	0
29661548,	0
29661547,	0
29661546,	0
29661545,	0
29661544,	0
29661543,	0
29661542,	0
29661541,	0
29661540,	0
29661539,	0
29661538,	0
