29668810,	0
29668809,	0
29668808,	0
29668807,	0
29668806,	0
29668805,	0
29668804,	0
29668803,	0
29668802,	0
29668801,	0
29668800,	0
29668863,	0
29668862,	0
29668861,	0
29668860,	0
29668859,	0
29668858,	0
29668857,	0
29668856,	0
29668855,	0
29668854,	0
29668853,	0
29668852,	0
29668851,	0
29668850,	0
29668849,	0
29668848,	0
29668847,	0
29668846,	0
29668845,	0
29668844,	0
29668843,	0
29668842,	0
29668841,	0
29668840,	0
29668839,	0
29668838,	0
29668837,	0
29668836,	0
29668835,	0
29668834,	0
29668833,	0
29668832,	0
29668895,	0
29668894,	0
29668893,	0
29668892,	0
29668891,	0
29668890,	0
29668889,	0
29668888,	0
29668887,	0
29668886,	0
29668885,	0
29668884,	0
29668883,	0
29668882,	0
29668881,	0
29668880,	0
29668879,	164
29668878,	0
29668877,	0
29668876,	0
29668875,	0
29668874,	0
29668873,	0
29668872,	0
29668871,	180
29668870,	0
29668869,	0
29668868,	0
29668867,	0
29668866,	0
29668865,	0
29668864,	0
29668927,	0
29668926,	0
29668925,	0
29668924,	0
29668923,	0
29668922,	0
29668921,	0
29668920,	0
29668919,	0
29668918,	0
29668917,	0
29668916,	0
29668915,	0
29668914,	0
29668913,	0
29668912,	0
29668911,	0
29668910,	0
29668909,	0
29668908,	0
29668907,	0
29668906,	0
29668905,	0
29668904,	0
29668903,	0
29668902,	0
29668901,	0
29668900,	0
29668899,	0
29668898,	0
29668897,	0
29668896,	0
29668991,	0
29668990,	0
29668989,	0
29668988,	0
29668987,	0
29668986,	0
29668985,	0
29668984,	0
29668983,	0
29668982,	0
29668981,	0
29668980,	0
29668979,	0
29668978,	0
29668977,	0
29668976,	0
29668975,	188
29668974,	0
29668973,	0
29668972,	0
29668971,	0
29668970,	0
29668969,	0
29668968,	0
29668967,	192
29668966,	0
29668965,	0
29668964,	0
29668963,	0
29668962,	0
29668961,	0
29668960,	0
29669023,	0
29669022,	0
29669021,	0
29669020,	0
29669019,	0
29669018,	0
29669017,	0
29669016,	0
29669015,	0
29669014,	0
29669013,	0
29669012,	0
29669011,	0
29669010,	0
29669009,	0
29669008,	0
29669007,	0
29669006,	0
29669005,	0
29669004,	0
29669003,	0
29669002,	0
29669001,	0
29669000,	0
