29669628,	0
29669627,	0
29669626,	0
29669625,	0
29669624,	0
29669623,	0
29669622,	0
29669621,	0
29669620,	0
29669619,	0
29669618,	0
29669617,	0
29669616,	0
29669615,	0
29669614,	0
29669613,	0
29669612,	0
29669611,	0
29669610,	0
29669609,	0
29669608,	0
29669607,	0
29669606,	0
29669605,	0
29669604,	0
29669603,	0
29669602,	0
29669601,	0
29669600,	0
29669663,	0
29669662,	0
29669661,	0
29669660,	0
29669659,	0
29669658,	0
29669657,	0
29669656,	0
29669655,	0
29669654,	0
29669653,	0
29669652,	0
29669651,	0
29669650,	0
29669649,	0
29669648,	0
29669647,	0
29669646,	0
29669645,	0
29669644,	0
29669643,	0
29669642,	0
29669641,	0
29669640,	0
29669639,	0
29669638,	0
29669637,	0
29669636,	0
29669635,	0
29669634,	0
29669633,	0
29669632,	0
29669695,	0
29669694,	0
29669693,	0
29669692,	0
29669691,	0
29669690,	0
29669689,	0
29669688,	0
29669687,	0
29669686,	0
29669685,	0
29669684,	0
29669683,	0
29669682,	0
29669681,	0
29669680,	0
29669679,	0
29669678,	0
29669677,	0
29669676,	0
29669675,	0
29669674,	0
29669673,	0
29669672,	0
29669671,	0
29669670,	0
29669669,	0
29669668,	0
29669667,	0
29669666,	0
29669665,	0
29669664,	0
29669727,	0
29669726,	0
29669725,	0
29669724,	0
29669723,	0
29669722,	0
29669721,	0
29669720,	0
29669719,	0
29669718,	0
29669717,	0
29669716,	0
29669715,	0
29669714,	0
29669713,	0
29669712,	0
29669711,	0
29669710,	0
29669709,	0
29669708,	0
29669707,	0
29669706,	0
29669705,	0
29669704,	0
29669703,	0
29669702,	0
29669701,	0
29669700,	0
29669699,	0
29669698,	0
29669697,	0
29669696,	0
29669759,	0
29669758,	0
29669757,	0
29669756,	0
29669755,	0
29669754,	0
29669753,	0
29669752,	0
29669751,	0
29669750,	0
29669749,	0
29669748,	0
29669747,	0
29669746,	0
29669745,	0
29669744,	0
29669743,	0
29669742,	0
29669741,	0
29669740,	0
29669739,	0
29669738,	0
29669737,	0
29669736,	0
29669735,	0
29669734,	0
29669733,	0
29669732,	0
29669731,	0
29669730,	0
29669729,	0
29669728,	0
29669791,	0
29669790,	0
29669789,	0
29669788,	0
29669787,	0
29669786,	0
