29673283,	0
29673282,	0
29673280,	0
29673342,	0
29673341,	0
29673340,	0
29673339,	0
29673338,	0
29673337,	0
29673336,	0
29673335,	0
29673334,	0
29673333,	0
29673332,	0
29673331,	0
29673330,	0
29673329,	27
29673327,	0
29673326,	0
29673325,	0
29673316,	0
29673312,	0
29673364,	0
29673360,	0
29673352,	0
29673348,	0
29673344,	0
29673406,	0
29673405,	0
29673404,	0
29673403,	0
29673402,	0
29673401,	0
29673400,	0
29673399,	0
29673398,	0
29673397,	0
29673396,	0
29673380,	0
29673376,	0
29673428,	0
29673424,	0
29673416,	0
29673412,	0
29673408,	0
29673470,	56
29673469,	0
29673468,	0
29673467,	56
29673466,	0
29673465,	0
29673464,	0
29673463,	0
29673462,	56
29673461,	0
29673460,	0
29673451,	0
29673450,	0
29673448,	0
29673444,	0
29673440,	0
29673492,	0
29673488,	0
29673480,	0
29673479,	0
29673478,	0
29673476,	0
29673475,	0
29673474,	0
29673472,	0
29673534,	0
29673533,	0
29673532,	0
29673531,	0
29673530,	0
29673529,	0
29673528,	0
29673527,	0
29673526,	0
29673525,	0
29673524,	0
29673512,	62
29673508,	0
29673504,	0
29673556,	0
29673552,	0
29673544,	0
29673540,	0
29673536,	0
29673598,	0
29673597,	0
29673596,	0
29673595,	0
29673594,	34
29673593,	0
29673592,	0
29673591,	0
29673590,	34
29673589,	0
29673588,	0
29673587,	0
29673586,	0
29673585,	0
29673583,	0
29673582,	0
29673581,	0
29673576,	0
29673572,	0
29673568,	0
29673620,	34
29673616,	0
29673608,	0
29673604,	0
29673600,	0
29673662,	0
29673661,	0
29673660,	0
29673659,	0
29673658,	0
29673657,	0
29673656,	0
29673655,	0
29673654,	0
29673653,	0
29673652,	0
29673651,	0
29673650,	0
29673649,	0
29673647,	0
29673646,	0
29673645,	0
29673644,	0
29673643,	0
29673642,	0
29673640,	0
29673636,	0
29673632,	0
29673684,	0
29673680,	0
29673672,	0
29673668,	0
29673664,	0
29673726,	0
29673725,	0
29673724,	0
29673723,	0
29673722,	0
29673721,	0
29673720,	0
29673719,	0
29673718,	0
29673717,	0
29673716,	0
29673715,	0
29673714,	0
29673713,	0
29673711,	0
29673710,	0
29673709,	0
29673707,	0
29673706,	0
29673704,	0
29673700,	0
