29676315,	0
29676314,	0
29676313,	0
29676312,	0
29676311,	0
29676310,	0
29676309,	0
29676308,	0
29676303,	0
29676347,	0
29676339,	0
29676331,	0
29676327,	0
29676323,	0
29676383,	0
29676381,	0
29676380,	196
29676379,	0
29676378,	182
29676377,	182
29676376,	0
29676375,	0
29676374,	0
29676373,	0
29676372,	0
29676369,	0
29676367,	0
29676365,	0
29676355,	0
29676411,	0
29676403,	0
29676395,	0
29676391,	0
29676387,	0
29676447,	0
29676445,	0
29676444,	0
29676443,	0
29676442,	0
29676441,	0
29676440,	0
29676439,	3
29676438,	0
29676437,	0
29676436,	0
29676434,	0
29676433,	0
29676432,	0
29676430,	0
29676429,	0
29676428,	0
29676426,	0
29676425,	0
29676419,	0
29676475,	1
29676467,	0
29676459,	0
29676455,	0
29676451,	0
29676511,	0
29676509,	0
29676508,	0
29676507,	0
29676504,	0
29676503,	0
29676502,	0
29676501,	0
29676500,	0
29676487,	0
29676483,	0
29676539,	0
29676531,	0
29676523,	0
29676519,	0
29676575,	0
29676573,	0
29676572,	0
29676571,	0
29676568,	0
29676567,	0
29676566,	0
29676565,	0
29676564,	0
29676551,	0
29676547,	0
29676603,	0
29676595,	196
29676587,	0
29676585,	0
29676583,	0
29676580,	0
29676579,	0
29676578,	0
29676576,	0
29676639,	0
29676637,	0
29676636,	0
29676635,	0
29676634,	0
29676633,	0
29676632,	0
29676631,	0
29676630,	0
29676629,	0
29676628,	0
29676627,	0
29676615,	0
29676611,	0
29676667,	0
29676659,	0
29676655,	0
29676651,	0
29676647,	182
29676643,	196
29676703,	0
29676701,	0
29676699,	0
29676698,	0
29676697,	0
29676696,	0
29676695,	0
29676694,	0
29676693,	0
29676692,	0
29676691,	0
29676679,	0
29676731,	0
29676723,	0
29676719,	0
29676715,	0
29676712,	0
29676711,	0
29676710,	0
29676709,	0
29676707,	0
29676705,	0
29676767,	0
29676765,	0
29676764,	196
29676763,	0
29676762,	0
29676761,	196
29676760,	0
29676759,	0
29676758,	0
29676757,	0
29676756,	0
29676753,	0
29676752,	0
29676751,	0
29676750,	0
29676749,	0
29676748,	0
29676747,	98
29676746,	0
29676745,	0
