29705424,	0
29705423,	0
29705422,	0
29705419,	0
29705418,	0
29705417,	115
29705416,	0
29705415,	0
29705414,	0
29705411,	0
29705410,	0
29705409,	0
29705408,	0
29705471,	0
29705470,	0
29705469,	0
29705468,	0
29705467,	0
29705466,	0
29705465,	0
29705464,	0
29705463,	0
29705462,	0
29705459,	42
29705458,	42
29705457,	0
29705456,	0
29705453,	0
29705452,	0
29705449,	0
29705448,	0
29705445,	0
29705444,	0
29705443,	0
29705442,	0
29705503,	0
29705502,	0
29705501,	0
29705500,	0
29705497,	0
29705496,	0
29705495,	0
29705494,	0
29705493,	0
29705492,	0
29705491,	0
29705490,	0
29705489,	0
29705488,	0
29705487,	0
29705486,	0
29705485,	0
29705484,	0
29705483,	0
29705482,	0
29705481,	0
29705480,	0
29705479,	0
29705478,	0
29705475,	0
29705474,	0
29705535,	0
29705534,	0
29705529,	0
29705528,	0
29705523,	0
29705522,	0
29705519,	0
29705518,	0
29705517,	180
29705516,	180
29705513,	0
29705512,	140
29705567,	0
29705566,	0
29705565,	0
29705564,	0
29705563,	0
29705562,	0
29705559,	0
29705558,	0
29705555,	0
29705554,	0
29705553,	0
29705552,	0
29705549,	0
29705548,	0
29705547,	0
29705546,	0
29705543,	0
29705542,	0
29705539,	0
29705538,	0
29705537,	0
29705536,	0
29705597,	0
29705596,	0
29705591,	0
29705590,	0
29705589,	0
29705588,	0
29705587,	0
29705586,	0
29705585,	0
29705584,	0
29705581,	0
29705580,	0
29705579,	0
29705578,	196
29705577,	0
29705576,	180
29705573,	0
29705572,	0
29705571,	0
29705570,	0
29705629,	0
29705628,	0
29705627,	0
29705626,	0
29705621,	0
29705620,	0
29705617,	0
29705616,	0
29705615,	0
29705614,	0
29705611,	0
29705610,	0
29705609,	0
29705608,	0
29705607,	0
29705606,	0
29705603,	0
29705602,	0
29705601,	0
29705600,	30
29705661,	0
29705660,	0
29705659,	0
29705658,	0
29705655,	0
29705654,	0
29705651,	0
29705650,	0
29705649,	0
29705648,	0
29705641,	0
29705640,	0
29705639,	0
29705638,	0
29705637,	0
29705636,	0
29705635,	0
29705634,	0
29705693,	0
29705692,	0
29705691,	0
29705690,	0
29705687,	0
29705686,	0
29705685,	14
29705684,	56
