29709102,	0
29709101,	0
29709100,	0
29709093,	0
29709092,	0
29709149,	0
29709145,	0
29709144,	0
29709139,	0
29709138,	28
29709137,	182
29709136,	0
29709127,	0
29709126,	0
29709121,	0
29709120,	169
29709167,	0
29709166,	0
29709163,	0
29709162,	0
29709157,	0
29709156,	0
29709155,	0
29709154,	0
29709153,	196
29709152,	0
29709197,	0
29709196,	0
29709195,	0
29709194,	0
29709191,	0
29709190,	0
29709245,	0
29709244,	0
29709243,	0
29709242,	0
29709229,	0
29709228,	0
29709217,	196
29709216,	196
29709277,	0
29709276,	0
29709275,	0
29709274,	0
29709273,	0
29709272,	0
29709269,	0
29709268,	196
29709259,	0
29709258,	0
29709305,	0
29709304,	0
29709293,	167
29709292,	0
29709290,	0
29709289,	0
29709288,	0
29709287,	0
29709286,	0
29709281,	0
29709280,	28
29709329,	0
29709328,	0
29709315,	0
29709314,	0
29709367,	0
29709366,	0
29709363,	0
29709362,	0
29709354,	0
29709353,	0
29709352,	0
29709351,	0
29709350,	0
29709349,	56
29709348,	0
29709346,	0
29709403,	194
29709401,	0
29709400,	56
29709395,	0
29709394,	0
29709393,	0
29709392,	0
29709385,	0
29709384,	0
29709383,	94
29709382,	94
29709381,	0
29709380,	0
29709379,	0
29709378,	0
29709433,	0
29709432,	0
29709431,	0
29709430,	0
29709429,	0
29709428,	0
29709427,	0
29709426,	0
29709419,	0
29709418,	0
29709413,	0
29709412,	0
29709411,	0
29709410,	0
29709409,	0
29709408,	0
29709465,	0
29709464,	0
29709463,	0
29709462,	0
29709459,	0
29709458,	0
29709457,	0
29709456,	0
29709453,	115
29709452,	115
29709449,	0
29709448,	0
29709447,	0
29709446,	0
29709443,	0
29709442,	0
29709441,	0
29709440,	0
29709503,	0
29709502,	0
29709497,	0
29709496,	0
29709491,	0
29709490,	0
29709479,	0
29709478,	0
29709473,	0
29709472,	0
29709535,	13
29709534,	13
29709533,	168
29709532,	194
29709529,	14
29709528,	42
29709523,	0
29709522,	0
29709521,	0
29709520,	0
29709517,	196
