29717859,	0
29717856,	0
29717918,	0
29717917,	0
29717916,	0
29717915,	0
29717914,	0
29717909,	0
29717908,	0
29717906,	0
29717905,	0
29717904,	0
29717903,	0
29717902,	0
29717899,	0
29717898,	0
29717897,	0
29717895,	0
29717891,	0
29717890,	0
29717889,	0
29717888,	0
29717950,	0
29717949,	0
29717947,	0
29717944,	0
29717943,	0
29717940,	70
29717939,	0
29717937,	0
29717936,	0
29717934,	0
29717930,	196
29717929,	0
29717927,	0
29717925,	0
29717924,	0
29717923,	0
29717922,	0
29717920,	0
29717982,	13
29717981,	0
29717980,	0
29717979,	0
29717978,	0
29717975,	0
29717973,	0
29717972,	0
29717971,	0
29717970,	0
29717966,	0
29717965,	0
29717963,	0
29717962,	0
29717961,	0
29717957,	0
29717953,	0
29718015,	0
29718014,	0
29718010,	196
29718008,	0
29718007,	0
29718003,	0
29718001,	0
29717999,	0
29717998,	0
29717997,	0
29717996,	0
29717994,	0
29717993,	196
29717989,	0
29717986,	196
29717985,	0
29718047,	0
29718044,	0
29718043,	0
29718042,	0
29718041,	0
29718038,	0
29718037,	0
29718033,	0
29718032,	0
29718031,	0
29718030,	0
29718027,	0
29718025,	0
29718021,	0
29718019,	63
29718017,	0
29718079,	0
29718076,	0
29718075,	0
29718073,	0
29718072,	0
29718061,	0
29718060,	0
29718059,	0
29718058,	0
29718057,	196
29718053,	0
29718052,	0
29718051,	0
29718049,	0
29718048,	0
29718143,	0
29718141,	0
29718140,	0
29718139,	0
29718137,	0
29718136,	0
29718135,	0
29718133,	0
29718132,	0
29718129,	0
29718128,	0
29718125,	0
29718123,	0
29718120,	0
29718119,	0
29718115,	0
29718113,	0
29718175,	0
29718174,	0
29718173,	0
29718172,	0
29718171,	0
29718168,	0
29718167,	0
29718165,	0
29718164,	0
29718161,	0
29718159,	0
29718157,	192
29718156,	0
29718155,	0
29718154,	0
29718153,	196
29718152,	0
29718149,	0
29718146,	0
29718145,	0
29718207,	0
29718206,	0
29718205,	0
29718204,	0
29718203,	0
29718202,	0
29718201,	0
29718200,	0
29718199,	0
29718197,	0
29718196,	0
29718195,	0
29718193,	0
29718192,	0
29718191,	0
29718188,	0
29718187,	0
29718186,	0
29718185,	196
29718183,	0
29718182,	0
29718181,	0
