29721478,	0
29721475,	0
29721473,	0
29721532,	0
29721531,	0
29721530,	0
29721529,	0
29721525,	0
29721519,	0
29721517,	0
29721516,	0
29721513,	0
29721509,	0
29721507,	0
29721504,	196
29721567,	0
29721564,	0
29721562,	182
29721561,	0
29721560,	0
29721559,	0
29721556,	196
29721555,	0
29721546,	0
29721541,	0
29721539,	0
29721597,	0
29721593,	0
29721592,	0
29721589,	0
29721581,	0
29721580,	0
29721578,	182
29721577,	0
29721576,	0
29721574,	0
29721568,	196
29721631,	0
29721628,	0
29721616,	0
29721602,	0
29721661,	0
29721659,	0
29721654,	0
29721653,	0
29721650,	0
29721643,	0
29721642,	0
29721640,	196
29721638,	0
29721637,	0
29721636,	0
29721634,	0
29721633,	0
29721695,	0
29721691,	0
29721690,	196
29721689,	0
29721688,	56
29721685,	0
29721682,	0
29721681,	0
29721680,	0
29721679,	0
29721677,	0
29721675,	0
29721673,	0
29721672,	0
29721671,	0
29721670,	0
29721669,	0
29721668,	0
29721666,	0
29721665,	0
29721727,	0
29721723,	0
29721721,	0
29721720,	0
29721719,	0
29721718,	0
29721717,	0
29721716,	0
29721714,	0
29721713,	0
29721711,	0
29721709,	0
29721707,	0
29721706,	0
29721705,	0
29721701,	0
29721700,	0
29721699,	0
29721698,	0
29721697,	0
29721696,	0
29721759,	0
29721753,	0
29721752,	0
29721751,	0
29721750,	0
29721749,	0
29721747,	0
29721746,	0
29721745,	0
29721744,	130
29721743,	0
29721740,	115
29721737,	0
29721736,	0
29721734,	0
29721733,	0
29721731,	52
29721730,	0
29721729,	0
29721728,	0
29721791,	0
29721790,	0
29721787,	0
29721784,	0
29721783,	0
29721781,	0
29721779,	0
29721778,	0
29721777,	0
29721775,	0
29721773,	0
29721771,	0
29721769,	0
29721766,	0
29721763,	0
29721760,	112
29721823,	196
29721822,	0
29721821,	163
29721820,	0
29721816,	0
29721815,	0
29721810,	0
29721809,	0
29721808,	0
29721807,	0
29721804,	196
29721803,	0
29721802,	0
29721801,	0
29721800,	0
29721799,	0
29721798,	0
29721796,	0
29721795,	0
29721793,	0
29721855,	0
29721854,	0
29721853,	0
29721852,	182
29721851,	196
29721850,	0
29721849,	0
29721848,	0
