29722422,	0
29722421,	0
29722419,	0
29722418,	0
29722417,	0
29722415,	0
29722409,	0
29722407,	0
29722405,	0
29722403,	0
29722401,	0
29722400,	0
29722463,	0
29722460,	0
29722459,	0
29722458,	0
29722457,	0
29722456,	0
29722455,	0
29722450,	196
29722449,	0
29722447,	0
29722442,	0
29722439,	0
29722437,	0
29722433,	0
29722492,	196
29722491,	0
29722490,	0
29722489,	0
29722487,	0
29722485,	0
29722482,	0
29722481,	0
29722479,	0
29722478,	0
29722477,	0
29722476,	0
29722475,	0
29722473,	0
29722472,	0
29722469,	0
29722465,	0
29722464,	0
29722527,	0
29722525,	0
29722523,	0
29722522,	0
29722521,	0
29722520,	0
29722519,	0
29722518,	0
29722513,	0
29722511,	0
29722508,	0
29722507,	0
29722506,	180
29722505,	0
29722504,	0
29722503,	0
29722501,	0
29722498,	0
29722496,	0
29722559,	0
29722556,	0
29722555,	0
29722554,	0
29722553,	0
29722551,	0
29722548,	0
29722545,	0
29722544,	0
29722543,	0
29722541,	0
29722539,	0
29722538,	0
29722537,	0
29722536,	0
29722535,	0
29722529,	0
29722591,	0
29722589,	0
29722588,	0
29722587,	0
29722584,	0
29722583,	0
29722582,	0
29722580,	0
29722575,	0
29722573,	0
29722572,	0
29722571,	0
29722569,	0
29722567,	0
29722621,	0
29722618,	196
29722611,	0
29722610,	0
29722608,	0
29722607,	0
29722605,	0
29722604,	0
29722601,	0
29722600,	0
29722597,	0
29722596,	0
29722593,	0
29722592,	0
29722655,	0
29722654,	0
29722652,	0
29722651,	0
29722649,	0
29722648,	196
29722647,	0
29722646,	0
29722645,	0
29722644,	56
29722641,	0
29722639,	0
29722637,	0
29722636,	0
29722635,	0
29722634,	0
29722631,	0
29722630,	0
29722629,	0
29722625,	0
29722687,	0
29722684,	0
29722683,	0
29722682,	0
29722680,	0
29722679,	0
29722678,	0
29722677,	0
29722676,	0
29722675,	0
29722673,	0
29722671,	0
29722669,	0
29722667,	0
29722666,	0
29722665,	0
29722663,	0
29722662,	0
29722660,	0
29722658,	0
29722657,	0
29722656,	0
29722719,	0
29722715,	0
29722714,	0
29722713,	0
29722711,	0
29722709,	0
29722706,	0
29722705,	0
29722703,	0
29722700,	0
29722699,	0
29722698,	0
29722697,	0
29722696,	0
