29725323,	0
29725319,	0
29725371,	0
29725367,	0
29725351,	0
29725404,	0
29725403,	0
29725399,	0
29725397,	0
29725393,	0
29725389,	0
29725383,	0
29725381,	0
29725380,	0
29725377,	0
29725439,	0
29725436,	0
29725431,	0
29725429,	0
29725423,	0
29725420,	0
29725419,	0
29725413,	0
29725410,	0
29725471,	0
29725470,	0
29725469,	0
29725467,	0
29725465,	0
29725458,	0
29725457,	0
29725455,	0
29725454,	0
29725453,	0
29725449,	0
29725445,	0
29725441,	0
29725502,	0
29725500,	0
29725495,	196
29725493,	0
29725490,	0
29725489,	0
29725487,	0
29725486,	0
29725484,	0
29725476,	0
29725473,	0
29725535,	0
29725532,	0
29725528,	0
29725522,	0
29725520,	0
29725519,	0
29725517,	0
29725515,	0
29725510,	0
29725505,	0
29725504,	0
29725567,	0
29725561,	0
29725559,	0
29725557,	0
29725553,	0
29725551,	0
29725550,	0
29725549,	0
29725547,	0
29725546,	0
29725543,	196
29725540,	0
29725539,	0
29725538,	0
29725536,	0
29725597,	0
29725595,	0
29725593,	196
29725589,	0
29725587,	0
29725585,	0
29725584,	0
29725581,	0
29725580,	0
29725579,	0
29725578,	0
29725574,	0
29725571,	0
29725569,	0
29725628,	0
29725627,	0
29725626,	0
29725621,	0
29725615,	0
29725613,	0
29725612,	0
29725609,	0
29725605,	0
29725603,	0
29725600,	0
29725663,	0
29725660,	0
29725658,	0
29725657,	0
29725656,	0
29725655,	0
29725652,	0
29725642,	0
29725637,	0
29725693,	0
29725689,	0
29725688,	0
29725685,	0
29725677,	0
29725676,	0
29725674,	0
29725673,	0
29725672,	0
29725670,	0
29725664,	0
29725727,	0
29725724,	0
29725714,	0
29725712,	0
29725706,	0
29725698,	0
29725757,	0
29725755,	0
29725750,	0
29725749,	0
29725746,	0
29725739,	0
29725736,	196
29725734,	0
29725733,	0
29725732,	0
29725730,	0
29725729,	0
29725791,	0
29725787,	0
29725786,	196
29725785,	0
29725784,	0
29725781,	0
29725778,	0
29725777,	0
29725776,	0
29725775,	0
29725773,	171
29725771,	0
29725768,	0
29725767,	0
29725766,	0
29725765,	0
29725764,	0
29725762,	0
