29726069,	0
29726067,	0
29726066,	0
29726065,	0
29726064,	0
29726062,	0
29726061,	0
29726060,	0
29726059,	0
29726058,	70
29726057,	180
29726056,	0
29726053,	0
29726052,	0
29726051,	0
29726048,	0
29726110,	0
29726109,	0
29726108,	0
29726107,	0
29726106,	0
29726101,	126
29726100,	0
29726098,	0
29726097,	0
29726096,	0
29726095,	0
29726094,	0
29726091,	0
29726090,	0
29726089,	0
29726087,	0
29726083,	0
29726082,	0
29726081,	70
29726080,	0
29726142,	0
29726141,	0
29726139,	0
29726136,	0
29726135,	0
29726132,	70
29726131,	0
29726129,	0
29726128,	0
29726126,	0
29726122,	0
29726121,	70
29726119,	0
29726117,	0
29726116,	0
29726115,	0
29726114,	0
29726112,	0
29726174,	0
29726173,	0
29726172,	0
29726171,	0
29726170,	0
29726167,	0
29726165,	0
29726164,	0
29726163,	0
29726162,	0
29726158,	0
29726157,	0
29726155,	0
29726154,	0
29726153,	0
29726149,	0
29726145,	0
29726207,	0
29726206,	0
29726202,	0
29726200,	0
29726199,	0
29726195,	0
29726193,	0
29726191,	0
29726190,	0
29726189,	0
29726188,	0
29726186,	0
29726185,	196
29726181,	0
29726178,	196
29726177,	0
29726239,	0
29726236,	0
29726235,	0
29726234,	0
29726233,	0
29726230,	0
29726229,	0
29726225,	0
29726224,	0
29726223,	0
29726222,	0
29726219,	0
29726217,	0
29726213,	0
29726211,	0
29726209,	0
29726271,	0
29726268,	0
29726267,	0
29726265,	0
29726264,	0
29726253,	0
29726252,	0
29726251,	0
29726250,	0
29726249,	196
29726245,	0
29726244,	0
29726243,	0
29726241,	0
29726240,	0
29726335,	0
29726333,	0
29726332,	0
29726331,	0
29726329,	0
29726328,	0
29726327,	0
29726325,	0
29726324,	0
29726321,	0
29726320,	0
29726317,	0
29726315,	0
29726312,	0
29726311,	0
29726307,	0
29726305,	0
29726367,	0
29726366,	0
29726365,	0
29726364,	0
29726363,	0
29726360,	0
29726359,	0
29726357,	0
29726356,	0
29726353,	0
29726351,	0
29726349,	0
29726348,	0
29726347,	0
29726346,	0
29726345,	196
29726344,	0
29726341,	0
29726338,	0
29726337,	0
29726399,	0
29726398,	0
29726397,	0
29726396,	0
29726395,	0
29726394,	0
29726393,	0
29726392,	0
29726391,	0
