29730295,	0
29730291,	0
29730289,	0
29730287,	0
29730286,	0
29730285,	0
29730284,	0
29730282,	0
29730281,	196
29730277,	0
29730274,	0
29730273,	0
29730335,	0
29730332,	0
29730331,	0
29730330,	0
29730329,	0
29730326,	0
29730325,	0
29730321,	0
29730320,	0
29730319,	0
29730318,	0
29730315,	0
29730313,	0
29730309,	0
29730307,	0
29730305,	0
29730367,	0
29730364,	0
29730363,	0
29730361,	0
29730360,	0
29730349,	0
29730348,	0
29730347,	0
29730346,	0
29730345,	196
29730341,	0
29730340,	0
29730339,	0
29730337,	0
29730336,	0
29730431,	0
29730429,	0
29730428,	0
29730427,	0
29730425,	0
29730424,	0
29730423,	0
29730421,	0
29730420,	0
29730417,	0
29730416,	0
29730413,	0
29730411,	0
29730408,	0
29730407,	0
29730403,	0
29730401,	0
29730463,	0
29730462,	0
29730461,	0
29730460,	0
29730459,	0
29730456,	0
29730455,	0
29730453,	0
29730452,	0
29730449,	0
29730447,	0
29730445,	0
29730444,	0
29730443,	0
29730442,	0
29730441,	196
29730440,	0
29730437,	0
29730434,	0
29730433,	0
29730495,	0
29730494,	0
29730493,	0
29730492,	0
29730491,	0
29730490,	0
29730489,	0
29730488,	0
29730487,	0
29730485,	0
29730484,	0
29730483,	0
29730481,	0
29730480,	0
29730479,	0
29730476,	0
29730475,	0
29730474,	0
29730473,	0
29730471,	0
29730470,	0
29730469,	0
29730467,	0
29730466,	0
29730465,	0
29730527,	0
29730524,	0
29730523,	0
29730522,	0
29730521,	0
29730520,	0
29730519,	0
29730517,	0
29730516,	0
29730515,	0
29730514,	0
29730513,	0
29730511,	0
29730510,	0
29730508,	0
29730507,	0
29730506,	0
29730505,	196
29730504,	0
29730503,	0
29730498,	0
29730497,	0
29730559,	0
29730557,	0
29730556,	0
29730555,	0
29730553,	0
29730552,	0
29730551,	0
29730549,	0
29730548,	0
29730546,	0
29730543,	0
29730541,	0
29730538,	0
29730536,	0
29730535,	0
29730534,	0
29730533,	0
29730532,	0
29730531,	0
29730530,	0
29730529,	0
29730528,	0
29730590,	0
29730589,	0
29730588,	0
29730587,	0
29730586,	0
29730585,	0
29730581,	0
29730579,	0
29730578,	0
29730576,	0
29730575,	0
29730574,	180
29730573,	0
29730569,	0
