29739096,	0
29739093,	0
29739091,	0
29739090,	0
29739089,	0
29739088,	0
29739086,	0
29739085,	0
29739084,	0
29739083,	0
29739082,	0
29739081,	0
29739078,	0
29739077,	0
29739076,	0
29739075,	0
29739074,	0
29739073,	0
29739072,	0
29739132,	0
29739131,	0
29739130,	0
29739128,	34
29739125,	34
29739124,	0
29739123,	0
29739122,	0
29739121,	196
29739118,	0
29739117,	0
29739116,	0
29739115,	0
29739114,	34
29739113,	0
29739110,	0
29739109,	0
29739108,	0
29739107,	0
29739106,	0
29739105,	0
29739167,	0
29739166,	0
29739165,	0
29739164,	0
29739163,	0
29739162,	0
29739161,	0
29739160,	0
29739157,	0
29739155,	0
29739153,	0
29739150,	0
29739149,	0
29739148,	0
29739146,	0
29739145,	0
29739143,	0
29739142,	0
29739140,	0
29739138,	0
29739137,	0
29739136,	0
29739199,	0
29739198,	0
29739197,	0
29739196,	0
29739194,	0
29739192,	0
29739191,	0
29739189,	0
29739187,	0
29739185,	0
29739183,	0
29739182,	0
29739179,	0
29739178,	0
29739177,	0
29739175,	0
29739174,	0
29739173,	0
29739172,	0
29739171,	0
29739170,	0
29739169,	0
29739231,	0
29739230,	0
29739228,	0
29739227,	0
29739226,	0
29739225,	0
29739224,	0
29739223,	0
29739222,	0
29739221,	0
29739220,	0
29739219,	0
29739218,	0
29739215,	0
29739214,	0
29739212,	0
29739210,	0
29739209,	0
29739207,	0
29739206,	0
29739205,	0
29739204,	0
29739202,	0
29739201,	0
29739200,	0
29739263,	0
29739260,	0
29739258,	0
29739256,	0
29739255,	0
29739251,	0
29739249,	0
29739247,	0
29739243,	0
29739241,	0
29739239,	0
29739236,	0
29739235,	0
29739234,	0
29739233,	0
29739295,	0
29739293,	0
29739291,	0
29739290,	0
29739289,	0
29739288,	0
29739287,	0
29739282,	0
29739281,	0
29739280,	0
29739279,	0
29739277,	0
29739275,	0
29739274,	0
29739273,	0
29739271,	0
29739269,	0
29739267,	0
29739266,	0
