29743025,	0
29743023,	0
29743019,	0
29743018,	0
29743017,	0
29743015,	0
29743014,	0
29743013,	0
29743009,	196
29743071,	0
29743070,	0
29743068,	0
29743066,	0
29743065,	0
29743064,	0
29743061,	0
29743059,	0
29743057,	196
29743055,	0
29743049,	196
29743048,	0
29743047,	0
29743046,	0
29743044,	0
29743042,	196
29743041,	0
29743040,	0
29743103,	0
29743102,	196
29743101,	196
29743100,	0
29743099,	0
29743098,	0
29743096,	0
29743095,	0
29743094,	0
29743093,	0
29743091,	0
29743089,	0
29743087,	0
29743086,	0
29743085,	0
29743084,	0
29743083,	0
29743081,	0
29743079,	0
29743077,	0
29743075,	0
29743074,	0
29743073,	0
29743134,	0
29743132,	0
29743131,	0
29743130,	0
29743126,	0
29743125,	0
29743124,	0
29743123,	0
29743122,	0
29743118,	0
29743117,	0
29743115,	0
29743114,	0
29743113,	0
29743110,	0
29743109,	0
29743108,	0
29743106,	196
29743105,	196
29743104,	60
29743163,	0
29743162,	0
29743160,	0
29743158,	0
29743157,	0
29743155,	0
29743154,	0
29743153,	0
29743152,	0
29743151,	0
29743150,	0
29743149,	0
29743148,	0
29743147,	0
29743146,	0
29743145,	0
29743141,	0
29743140,	0
29743139,	0
29743137,	0
29743198,	0
29743197,	0
29743196,	0
29743195,	0
29743194,	0
29743193,	0
29743192,	0
29743189,	0
29743187,	0
29743186,	0
29743185,	0
29743184,	0
29743182,	0
29743181,	54
29743180,	0
29743179,	0
29743178,	0
29743177,	0
29743174,	0
29743173,	0
29743172,	0
29743171,	0
29743170,	0
29743169,	0
29743168,	0
29743228,	0
29743227,	0
29743226,	0
29743224,	0
29743221,	0
29743220,	0
29743219,	0
29743218,	0
29743217,	196
29743214,	0
29743213,	0
29743212,	0
29743211,	0
29743210,	0
29743209,	0
29743206,	0
29743205,	0
29743204,	0
29743203,	0
29743202,	0
29743201,	0
29743263,	0
29743262,	0
29743261,	0
29743260,	0
29743259,	0
29743258,	0
29743257,	0
29743256,	0
29743253,	0
29743251,	0
29743249,	0
29743246,	34
29743245,	0
29743244,	0
29743242,	0
29743241,	0
29743239,	0
29743238,	0
29743236,	0
29743234,	0
29743233,	0
29743232,	0
29743295,	0
29743294,	0
29743293,	0
29743292,	0
29743290,	0
