29743288,	0
29743287,	0
29743285,	0
29743283,	0
29743281,	0
29743279,	0
29743278,	0
29743275,	0
29743274,	0
29743273,	0
29743271,	0
29743270,	0
29743269,	0
29743268,	0
29743267,	0
29743266,	0
29743265,	0
29743327,	0
29743326,	0
29743324,	0
29743323,	0
29743322,	0
29743321,	0
29743320,	0
29743319,	0
29743318,	0
29743317,	0
29743316,	0
29743315,	0
29743314,	0
29743311,	0
29743310,	0
29743308,	0
29743306,	0
29743305,	0
29743303,	0
29743302,	0
29743301,	0
29743300,	0
29743298,	0
29743297,	0
29743296,	0
29743359,	0
29743356,	0
29743354,	0
29743352,	0
29743351,	0
29743347,	0
29743345,	0
