29745907,	0
29745906,	0
29745904,	0
29745903,	0
29745902,	0
29745901,	0
29745900,	0
29745899,	0
29745898,	0
29745897,	0
29745896,	0
29745895,	0
29745894,	0
29745893,	0
29745891,	0
29745890,	0
29745889,	0
29745888,	0
29745950,	0
29745949,	0
29745948,	0
29745942,	0
29745937,	0
29745934,	0
29745928,	0
29745926,	0
29745925,	0
29745924,	0
29745923,	0
29745979,	0
29745976,	0
29745974,	0
29745972,	0
29745970,	0
29745966,	0
29745961,	0
29745959,	0
29745957,	0
29745955,	0
29745952,	0
29746015,	0
29746014,	0
29746012,	0
29746011,	0
29746010,	0
29746009,	0
29746008,	0
29746006,	0
29746005,	0
29746004,	0
29746003,	0
29746002,	0
29745998,	0
29745997,	0
29745996,	0
29745995,	0
29745994,	0
29745992,	0
29745989,	0
29745986,	0
29745984,	0
29746045,	0
29746042,	196
29746040,	0
29746038,	0
29746037,	0
29746035,	97
29746033,	0
29746030,	0
29746027,	0
29746024,	0
29746023,	0
29746022,	0
29746019,	0
29746018,	0
29746016,	0
29746079,	0
29746078,	0
29746077,	0
29746076,	0
29746075,	0
29746074,	0
29746073,	0
29746072,	0
29746071,	0
29746070,	0
29746069,	0
29746068,	0
29746067,	0
29746066,	0
29746065,	0
29746064,	0
29746063,	0
29746062,	0
29746061,	0
29746060,	0
29746059,	0
29746058,	0
29746057,	3
29746056,	0
29746055,	196
29746054,	0
29746053,	0
29746052,	98
29746051,	0
29746050,	0
29746048,	0
29746111,	0
29746110,	0
29746109,	0
29746108,	0
29746107,	0
29746106,	0
29746105,	0
29746104,	0
29746103,	0
29746102,	0
29746101,	0
29746100,	0
29746098,	0
29746097,	0
29746096,	0
29746095,	0
29746094,	0
29746093,	0
29746092,	0
29746091,	0
29746090,	0
29746088,	0
29746087,	0
29746086,	0
29746085,	0
29746084,	0
29746083,	0
29746082,	0
29746081,	0
29746080,	0
29746142,	0
29746140,	0
29746135,	0
29746132,	0
29746130,	0
29746120,	196
29746118,	0
29746117,	0
29746174,	0
29746162,	0
29746161,	0
29746155,	0
29746152,	0
29746150,	0
29746149,	0
29746147,	14
29746145,	0
29746144,	0
29746206,	0
29746204,	0
29746203,	0
