29750941,	0
29750940,	0
29750938,	0
29750936,	0
29750935,	0
29750933,	0
29750932,	0
29750930,	0
29750929,	0
29750928,	0
29750925,	0
29750923,	0
29750922,	0
29750920,	0
29750919,	0
29750918,	0
29750916,	0
29750915,	196
29750914,	0
29750913,	0
29750912,	0
29750975,	0
29750974,	0
29750972,	0
29750970,	0
29750969,	0
29750968,	0
29750966,	0
29750965,	0
29750958,	0
29750950,	0
29750946,	0
29750944,	0
29751006,	0
29751004,	0
29751002,	0
29751001,	0
29750999,	0
29750998,	0
29750997,	0
29750993,	0
29750992,	0
29750990,	0
29750988,	0
29750987,	0
29750986,	0
29750984,	0
29750982,	0
29750980,	0
29750979,	0
29750978,	0
29750977,	0
29750976,	0
29751039,	0
29751038,	0
29751036,	0
29751035,	0
29751034,	0
29751033,	0
29751032,	0
29751029,	0
29751028,	0
29751027,	0
29751026,	0
29751023,	0
29751021,	0
29751020,	0
29751019,	0
29751018,	0
29751016,	0
29751014,	0
29751010,	0
29751008,	0
29751071,	0
29751069,	0
29751068,	0
29751067,	0
29751066,	0
29751064,	0
29751063,	0
29751061,	0
29751060,	0
29751059,	0
29751058,	0
29751056,	0
29751055,	0
29751054,	0
29751053,	0
29751052,	0
29751051,	0
29751050,	0
29751048,	0
29751047,	0
29751045,	0
29751043,	0
29751042,	0
29751040,	0
29751103,	0
29751101,	0
29751100,	0
29751098,	0
29751096,	0
29751095,	0
29751094,	0
29751093,	0
29751092,	0
29751091,	0
29751088,	196
29751087,	0
29751086,	0
29751085,	0
29751084,	0
29751083,	0
29751082,	0
29751080,	0
29751079,	0
29751078,	0
29751077,	0
29751075,	0
29751133,	0
29751132,	0
29751131,	0
29751130,	0
29751128,	0
29751127,	0
29751126,	0
29751125,	0
29751124,	0
29751123,	0
29751122,	0
29751120,	0
29751119,	0
29751118,	0
29751117,	0
29751116,	0
29751115,	0
29751114,	0
29751113,	0
29751112,	0
29751111,	0
29751109,	0
29751108,	0
29751107,	0
29751106,	0
29751105,	0
29751104,	196
29751167,	0
29751166,	0
29751164,	196
29751161,	0
29751160,	0
29751158,	0
29751155,	0
29751154,	0
29751152,	0
29751150,	0
29751147,	0
29751146,	0
29751144,	0
29751143,	0
29751142,	0
29751141,	0
29751140,	0
