29751139,	0
29751136,	196
29751198,	0
29751197,	0
29751195,	0
29751192,	0
29751190,	0
29751188,	0
29751184,	196
29751183,	0
29751182,	0
29751181,	0
29751176,	0
29751175,	0
29751174,	0
29751173,	0
29751171,	196
29751169,	0
29751168,	196
29751231,	196
29751230,	0
29751229,	0
29751228,	196
29751227,	0
29751225,	0
29751224,	0
29751222,	0
29751219,	0
29751218,	0
29751216,	0
29751214,	0
29751211,	0
29751210,	0
29751208,	0
29751207,	0
29751206,	0
29751204,	0
29751200,	0
29751263,	0
29751262,	0
29751261,	0
29751259,	0
29751257,	0
29751256,	0
29751252,	0
29751250,	0
29751248,	196
29751246,	0
29751241,	0
29751240,	196
29751239,	0
29751238,	0
29751237,	0
29751235,	196
29751233,	0
29751232,	196
29751295,	196
29751294,	0
29751293,	0
29751292,	196
29751291,	0
29751290,	0
29751289,	0
29751287,	0
29751286,	0
29751284,	0
29751282,	0
29751280,	0
29751279,	0
29751278,	0
29751277,	0
29751276,	0
29751274,	0
29751272,	0
29751270,	0
29751268,	0
29751267,	0
29751266,	0
29751264,	0
29751327,	0
29751325,	0
29751323,	0
29751322,	0
29751319,	0
29751317,	0
29751316,	0
29751315,	0
29751314,	0
29751311,	0
29751308,	56
29751307,	0
29751306,	0
29751304,	0
29751303,	0
29751301,	0
29751300,	0
29751299,	196
29751297,	0
29751296,	196
29751355,	0
29751354,	0
29751353,	0
29751351,	0
29751348,	0
29751347,	0
29751346,	0
29751345,	0
29751344,	0
29751343,	0
29751342,	0
29751341,	0
29751340,	0
29751339,	0
29751338,	0
29751336,	0
29751333,	0
29751332,	0
29751330,	0
29751328,	0
29751391,	0
29751389,	0
29751388,	0
29751387,	0
29751386,	0
29751385,	0
29751384,	0
29751380,	0
29751379,	0
29751378,	0
29751377,	0
29751376,	0
29751375,	0
29751373,	0
29751372,	0
29751371,	0
29751370,	0
29751368,	0
29751367,	0
29751365,	0
29751364,	0
29751363,	0
29751362,	0
29751361,	0
29751360,	0
29751421,	0
29751419,	0
29751418,	0
29751417,	34
29751413,	34
29751412,	0
29751411,	0
29751410,	0
29751408,	196
29751407,	0
29751405,	0
29751404,	0
29751403,	0
29751402,	0
29751400,	0
29751399,	0
29751397,	0
29751396,	0
29751395,	0
29751394,	0
