29751392,	0
29751455,	0
29751454,	0
29751453,	0
29751452,	0
29751451,	0
29751450,	0
29751449,	0
29751448,	0
29751444,	0
29751442,	0
29751440,	0
29751439,	0
29751437,	0
29751436,	0
29751435,	0
29751432,	0
29751431,	0
29751430,	0
29751429,	0
29751427,	0
29751425,	0
29751424,	196
29751487,	0
29751486,	0
29751485,	0
29751484,	0
29751483,	0
29751481,	0
29751478,	0
29751476,	0
29751474,	0
29751472,	0
29751471,	0
29751470,	0
29751467,	0
29751466,	0
29751464,	0
29751463,	0
29751462,	0
29751461,	0
29751460,	0
29751459,	0
29751458,	0
29751456,	0
29751519,	0
29751518,	0
29751517,	0
29751515,	0
29751514,	0
29751513,	0
29751512,	0
29751511,	0
29751510,	0
29751509,	0
29751508,	0
29751507,	0
29751506,	0
29751503,	0
29751502,	0
29751501,	0
29751499,	0
29751496,	0
29751495,	0
29751494,	0
29751493,	0
29751492,	0
29751491,	0
29751489,	0
29751488,	0
29751550,	0
29751549,	0
29751547,	0
29751545,	0
29751542,	0
29751538,	0
29751536,	0
29751534,	0
29751530,	0
29751528,	0
29751526,	0
29751525,	0
29751523,	0
