29758533,	0
29758532,	0
29758531,	0
29758530,	0
29758529,	0
29758590,	0
29758588,	0
29758587,	0
29758586,	0
29758585,	0
29758581,	0
29758580,	0
29758579,	0
29758578,	0
29758577,	0
29758576,	0
29758575,	0
29758574,	0
29758572,	0
29758571,	0
29758570,	0
29758569,	0
29758568,	0
29758567,	0
29758566,	0
29758564,	0
29758563,	0
29758562,	0
29758561,	0
29758560,	0
29758622,	0
29758621,	0
29758620,	0
29758619,	0
29758618,	0
29758617,	0
29758615,	0
29758612,	0
29758611,	0
29758610,	0
29758609,	0
29758607,	0
29758606,	0
29758604,	0
29758603,	0
29758602,	0
29758601,	0
29758599,	0
29758598,	0
29758597,	0
29758596,	0
29758595,	0
29758594,	0
29758593,	0
29758654,	0
29758652,	0
29758650,	0
29758649,	0
29758648,	0
29758646,	0
29758645,	0
29758644,	0
29758643,	0
29758642,	0
29758641,	0
29758638,	0
29758637,	0
29758636,	0
29758635,	0
29758634,	0
29758633,	0
29758630,	0
29758628,	0
29758626,	0
29758625,	0
29758624,	0
29758687,	0
29758686,	0
29758685,	0
29758683,	0
29758682,	0
29758681,	0
29758680,	0
29758679,	0
29758678,	112
29758677,	56
29758676,	28
29758675,	0
29758674,	0
29758671,	0
29758669,	0
29758662,	0
29758657,	0
29758719,	0
29758717,	0
29758716,	0
29758714,	0
29758713,	0
29758711,	0
29758706,	0
29758705,	14
29758703,	0
29758701,	0
29758699,	56
29758698,	28
29758695,	0
29758693,	0
29758691,	0
29758688,	0
29758751,	0
29758750,	0
29758749,	0
29758748,	0
29758747,	0
29758746,	0
29758744,	0
29758742,	0
29758741,	0
29758740,	0
29758739,	0
29758738,	0
29758737,	0
29758733,	0
29758727,	0
29758726,	0
29758724,	0
29758723,	0
29758722,	0
29758721,	0
29758783,	0
29758781,	0
29758780,	0
29758778,	0
29758771,	0
29758769,	0
29758767,	0
29758766,	0
29758765,	0
29758764,	0
29758763,	0
29758762,	0
29758761,	0
29758760,	0
29758759,	0
29758758,	0
29758757,	0
29758756,	0
29758755,	0
29758754,	0
29758753,	0
29758815,	0
29758814,	0
29758813,	0
29758812,	0
29758811,	0
