29759013,	0
29759012,	0
29759011,	0
29759010,	196
29759009,	196
29759008,	0
29759103,	0
29759102,	196
29759101,	196
29759100,	0
29759099,	0
29759098,	0
29759096,	0
29759091,	0
29759090,	0
29759089,	0
29759086,	0
29759084,	0
29759083,	0
29759081,	0
29759079,	0
29759078,	0
29759077,	0
29759076,	0
29759075,	0
29759073,	0
29759135,	0
29759134,	0
29759133,	0
29759132,	0
29759131,	0
29759129,	0
29759126,	0
29759125,	0
29759124,	0
29759123,	0
29759121,	0
29759120,	0
29759116,	0
29759115,	0
29759114,	0
29759113,	0
29759111,	0
29759110,	0
29759109,	0
29759107,	0
29759106,	196
29759105,	196
29759104,	196
29759167,	0
29759166,	0
29759165,	0
29759163,	0
29759161,	0
29759160,	0
29759159,	0
29759156,	0
29759151,	0
29759143,	0
29759139,	0
29759137,	0
29759199,	0
29759197,	0
29759195,	0
29759192,	0
29759191,	0
29759190,	0
29759188,	0
29759185,	0
29759184,	0
29759183,	0
29759181,	0
29759179,	0
29759178,	0
29759177,	0
29759175,	0
29759173,	0
29759171,	0
29759170,	0
29759169,	0
29759168,	0
29759231,	0
29759230,	0
29759229,	0
29759227,	0
29759226,	0
29759225,	0
29759224,	0
29759221,	0
29759220,	0
29759219,	0
29759218,	0
29759214,	0
29759213,	0
29759212,	0
29759211,	0
29759210,	0
29759209,	0
29759207,	0
29759203,	0
29759201,	0
29759262,	0
29759261,	0
29759260,	0
29759259,	0
29759258,	0
29759257,	0
29759254,	0
29759253,	0
29759252,	0
29759251,	0
29759250,	0
29759249,	0
29759247,	0
29759246,	0
29759245,	0
29759244,	0
29759243,	0
29759242,	0
29759241,	0
29759238,	0
29759236,	0
29759235,	0
29759234,	0
29759233,	0
29759294,	0
29759293,	196
29759292,	0
29759291,	0
29759289,	0
29759287,	0
29759286,	0
29759284,	0
29759282,	0
29759281,	0
29759279,	0
29759278,	0
29759277,	0
29759276,	0
29759275,	0
29759274,	0
29759273,	0
29759271,	0
29759270,	0
29759268,	0
29759266,	0
29759325,	0
29759324,	0
29759323,	0
29759322,	0
29759321,	0
29759319,	0
29759318,	0
29759317,	0
29759316,	0
29759315,	0
29759314,	0
29759313,	0
29759311,	0
29759310,	0
29759309,	0
29759308,	0
