29762995,	0
29762994,	0
29762993,	0
29762990,	0
29762989,	0
29762988,	0
29762987,	0
29762986,	0
29762985,	0
29762983,	0
29762981,	0
29762980,	0
29762979,	0
29762978,	0
29762977,	0
29763039,	0
29763038,	0
29763037,	0
29763035,	0
29763034,	0
29763033,	0
29763032,	0
29763030,	0
29763027,	0
29763020,	0
29763019,	0
29763017,	0
29763015,	0
29763014,	0
29763012,	0
29763010,	0
29763009,	0
29763071,	0
29763070,	0
29763069,	0
29763068,	0
29763067,	0
29763066,	0
29763065,	0
29763062,	0
29763060,	0
29763059,	0
29763058,	0
29763057,	0
29763054,	0
29763053,	0
29763052,	0
29763051,	0
29763050,	0
29763049,	0
29763047,	0
29763046,	0
29763044,	0
29763043,	0
29763042,	0
29763041,	0
29763103,	0
29763102,	0
29763101,	0
29763100,	0
29763099,	0
29763098,	0
29763096,	0
29763095,	0
29763093,	0
29763091,	0
29763090,	0
29763089,	0
29763087,	0
29763086,	0
29763085,	0
29763084,	0
29763082,	0
29763081,	0
29763079,	0
29763077,	0
29763076,	0
29763073,	0
29763135,	0
29763134,	0
29763133,	0
29763130,	0
29763129,	0
29763127,	0
29763125,	0
29763123,	0
29763122,	0
29763119,	0
29763118,	0
29763117,	0
29763116,	0
29763115,	0
29763114,	0
29763113,	0
29763111,	0
29763110,	0
29763109,	0
29763108,	0
29763107,	0
29763106,	0
29763105,	0
29763104,	0
29763199,	0
29763198,	0
29763197,	0
29763196,	0
29763195,	0
29763194,	0
29763192,	0
29763187,	0
29763186,	0
29763185,	0
29763182,	0
29763180,	0
29763179,	0
29763177,	0
29763175,	0
29763174,	0
29763173,	0
29763172,	0
29763171,	0
29763169,	0
29763231,	0
29763230,	0
29763229,	0
29763228,	0
29763227,	0
29763225,	0
29763222,	0
29763221,	0
29763220,	0
29763219,	0
29763217,	0
29763216,	0
29763212,	0
29763211,	0
29763210,	0
29763209,	0
29763207,	0
29763206,	0
29763205,	0
29763203,	0
29763202,	0
29763201,	0
29763200,	0
29763263,	0
29763262,	0
29763261,	0
29763259,	0
29763257,	0
29763256,	0
29763255,	0
29763252,	0
29763247,	0
29763239,	0
29763235,	0
29763233,	0
29763295,	0
29763293,	0
29763291,	0
29763288,	0
29763287,	0
29763286,	0
