29767473,	182
29767471,	0
29767470,	0
29767469,	0
29767468,	0
29767467,	0
29767466,	0
29767465,	196
29767463,	0
29767462,	0
29767460,	0
29767458,	0
29767517,	0
29767516,	0
29767515,	0
29767514,	0
29767513,	0
29767511,	0
29767510,	0
29767509,	0
29767508,	0
29767507,	0
29767506,	0
29767505,	0
29767503,	0
29767502,	0
29767501,	0
29767500,	0
29767499,	0
29767498,	0
29767497,	0
29767496,	0
29767494,	0
29767493,	0
29767492,	0
29767491,	0
29767490,	0
29767489,	0
29767488,	0
29767551,	0
29767550,	0
29767549,	0
29767545,	0
29767544,	0
29767543,	0
29767539,	0
29767538,	0
29767537,	0
29767535,	0
29767531,	0
29767530,	0
29767529,	0
29767527,	0
29767526,	0
29767525,	0
29767524,	0
29767522,	0
29767521,	196
29767583,	0
29767580,	0
29767578,	0
29767577,	0
29767575,	0
29767573,	0
29767569,	196
29767567,	0
29767566,	0
29767564,	0
29767561,	0
29767559,	0
29767558,	0
29767556,	0
29767554,	0
29767553,	0
29767552,	0
29767615,	0
29767614,	0
29767613,	0
29767612,	0
29767610,	0
29767609,	0
29767608,	0
29767607,	0
29767603,	0
29767602,	0
29767601,	0
29767599,	0
29767595,	0
29767594,	0
29767593,	0
29767591,	0
29767590,	0
29767589,	0
29767585,	196
29767647,	0
29767646,	0
29767644,	0
29767642,	0
29767641,	0
29767640,	0
29767637,	0
29767635,	0
29767633,	196
29767631,	0
29767625,	0
29767624,	0
29767623,	0
29767622,	0
29767620,	0
29767618,	0
29767617,	0
29767616,	0
29767679,	0
29767678,	0
29767677,	0
29767676,	0
29767675,	0
29767674,	0
29767672,	0
29767671,	0
29767670,	0
29767669,	0
29767667,	0
29767665,	0
29767663,	0
29767662,	0
29767661,	0
29767660,	0
29767659,	0
29767657,	0
29767655,	0
29767653,	0
29767651,	0
29767650,	0
29767649,	0
29767710,	0
29767708,	0
29767707,	0
29767706,	0
29767702,	0
29767701,	0
29767700,	0
29767699,	0
29767698,	0
29767694,	0
29767693,	0
29767691,	0
29767690,	0
29767689,	0
29767686,	0
29767685,	0
29767684,	0
29767682,	0
29767681,	0
29767680,	56
29767739,	0
29767738,	0
29767736,	0
29767734,	0
29767733,	0
29767731,	0
29767730,	0
29767729,	0
