29771660,	0
29771657,	0
29771655,	0
29771654,	0
29771652,	0
29771650,	0
29771649,	0
29771648,	0
29771711,	0
29771710,	0
29771709,	0
29771708,	0
29771706,	0
29771705,	0
29771704,	0
29771703,	0
29771699,	0
29771698,	0
29771697,	0
29771695,	0
29771691,	0
29771690,	0
29771689,	0
29771687,	0
29771686,	0
29771685,	0
29771681,	196
29771743,	0
29771742,	0
29771740,	0
29771738,	0
29771737,	0
29771736,	0
29771733,	0
29771731,	0
29771729,	196
29771727,	0
29771721,	196
29771720,	0
29771719,	0
29771718,	0
29771716,	0
29771714,	0
29771713,	0
29771712,	0
29771775,	0
29771774,	0
29771773,	0
29771772,	0
29771771,	0
29771770,	0
29771768,	0
29771767,	0
29771766,	0
29771765,	0
29771763,	0
29771761,	0
29771759,	0
29771758,	0
29771757,	0
29771756,	0
29771755,	0
29771753,	0
29771751,	0
29771749,	0
29771747,	0
29771746,	0
29771745,	0
29771806,	0
29771804,	0
29771803,	0
29771802,	0
29771798,	0
29771797,	0
29771796,	0
29771795,	0
29771794,	0
29771790,	0
29771789,	0
29771787,	0
29771786,	0
29771785,	0
29771782,	0
29771781,	0
29771780,	0
29771778,	0
29771777,	0
29771776,	0
29771835,	0
29771834,	0
29771832,	0
29771830,	0
29771829,	0
29771827,	0
29771826,	0
29771825,	0
29771824,	0
29771823,	0
29771822,	0
29771821,	0
29771820,	0
29771819,	0
29771818,	0
29771817,	0
29771813,	0
29771812,	0
29771811,	0
29771809,	0
29771870,	0
29771869,	0
29771868,	0
29771867,	0
29771866,	0
29771865,	0
29771864,	0
29771861,	0
29771859,	0
29771858,	0
29771857,	0
29771856,	0
29771854,	0
29771853,	0
29771852,	0
29771851,	0
29771850,	0
29771849,	0
29771846,	0
29771845,	0
29771844,	0
29771843,	0
29771842,	0
29771841,	0
29771840,	0
29771900,	0
29771899,	0
29771898,	0
29771896,	0
29771893,	0
29771892,	0
29771891,	0
29771890,	0
29771889,	196
29771886,	0
29771885,	0
29771884,	0
29771883,	0
29771882,	0
29771881,	0
29771878,	0
29771877,	0
29771876,	0
29771875,	0
29771874,	0
29771873,	0
29771935,	0
29771934,	0
29771933,	0
29771932,	0
29771931,	0
29771930,	0
29771929,	0
29771928,	0
29771925,	0
29771923,	0
