29775350,	0
29775348,	0
29775347,	0
29775346,	0
29775345,	0
29775342,	0
29775341,	0
29775340,	0
29775339,	0
29775338,	0
29775337,	0
29775335,	0
29775334,	0
29775332,	0
29775331,	0
29775330,	0
29775329,	0
29775391,	0
29775390,	0
29775389,	0
29775388,	0
29775387,	0
29775386,	0
29775384,	0
29775383,	0
29775381,	0
29775379,	0
29775378,	0
29775377,	0
29775375,	0
29775374,	0
29775373,	0
29775372,	0
29775370,	0
29775369,	0
29775367,	0
29775365,	0
29775364,	0
29775361,	0
29775423,	0
29775422,	0
29775421,	0
29775418,	0
29775417,	0
29775415,	0
29775413,	0
29775411,	0
29775410,	0
29775407,	0
29775406,	0
29775405,	0
29775404,	0
29775403,	0
29775402,	0
29775401,	0
29775399,	0
29775398,	0
29775397,	0
29775396,	0
29775395,	0
29775394,	0
29775393,	0
29775392,	0
29775487,	0
29775486,	0
29775485,	0
29775484,	0
29775483,	0
29775482,	0
29775480,	0
29775475,	0
29775474,	0
29775473,	0
29775470,	0
29775468,	0
29775467,	0
29775465,	0
29775463,	0
29775462,	0
29775461,	0
29775460,	0
29775459,	0
29775457,	0
29775519,	0
29775518,	0
29775517,	0
29775516,	0
29775515,	0
29775513,	0
29775510,	0
29775509,	0
29775508,	0
29775507,	0
29775505,	0
29775504,	0
29775500,	0
29775499,	0
29775498,	0
29775497,	0
29775495,	0
29775494,	0
29775493,	0
29775491,	0
29775490,	0
29775489,	0
29775488,	0
29775551,	0
29775550,	0
29775549,	0
29775547,	0
29775545,	0
29775544,	0
29775543,	0
29775540,	0
29775535,	0
29775527,	0
29775523,	0
29775521,	0
29775583,	0
29775581,	0
29775579,	0
29775576,	0
29775575,	0
29775574,	0
29775572,	0
29775569,	0
29775568,	0
29775567,	0
29775565,	0
29775563,	0
29775562,	0
29775561,	0
29775559,	0
29775557,	0
29775555,	0
29775554,	0
29775553,	0
29775552,	0
29775615,	0
29775614,	0
29775613,	0
29775611,	0
29775610,	0
29775609,	0
29775608,	0
29775605,	0
29775604,	0
29775603,	0
29775602,	0
29775598,	0
29775597,	0
29775596,	0
29775595,	0
29775594,	0
29775593,	0
29775591,	0
29775587,	0
29775585,	0
29775646,	0
29775645,	0
29775644,	0
29775643,	0
29775642,	0
