29784487,	0
29784486,	0
29784485,	0
29784484,	0
29784483,	0
29784482,	0
29784481,	0
29784480,	0
29784543,	0
29784542,	0
29784541,	0
29784540,	0
29784539,	0
29784538,	0
29784537,	0
29784536,	0
29784535,	0
29784534,	0
29784533,	0
29784532,	0
29784531,	0
29784530,	0
29784529,	0
29784528,	0
29784527,	0
29784526,	0
29784525,	0
29784524,	0
29784523,	0
29784522,	0
29784521,	0
29784520,	0
29784519,	0
29784518,	0
29784517,	0
29784516,	0
29784515,	0
29784514,	0
29784513,	0
29784512,	0
29784575,	0
29784574,	0
29784573,	0
29784572,	0
29784571,	0
29784570,	0
29784569,	0
29784568,	0
29784567,	0
29784566,	0
29784565,	0
29784564,	0
29784563,	0
29784562,	0
29784561,	0
29784560,	0
29784559,	0
29784558,	0
29784557,	0
29784556,	0
29784555,	0
29784554,	0
29784553,	0
29784552,	0
29784551,	0
29784550,	0
29784549,	0
29784548,	0
29784547,	0
29784546,	0
29784545,	0
29784544,	0
29784607,	0
29784606,	0
29784605,	0
29784604,	0
29784603,	0
29784602,	0
29784601,	0
29784600,	0
29784599,	0
29784598,	0
29784597,	0
29784596,	0
29784595,	0
29784594,	0
29784593,	0
29784592,	0
29784591,	0
29784590,	0
29784589,	0
29784588,	0
29784587,	0
29784586,	0
29784585,	0
29784584,	0
29784583,	0
29784582,	0
29784581,	0
29784580,	0
29784579,	0
29784578,	0
29784577,	0
29784576,	0
29784639,	0
29784638,	0
29784637,	0
29784636,	0
29784635,	0
29784634,	0
29784633,	0
29784632,	0
29784631,	0
29784630,	0
29784629,	0
29784628,	0
29784627,	0
29784626,	0
29784625,	0
29784624,	0
29784623,	0
29784622,	0
29784621,	0
29784620,	0
29784619,	0
29784618,	0
29784617,	0
29784616,	0
29784615,	0
29784614,	0
29784613,	0
29784612,	0
29784611,	0
29784610,	0
29784609,	0
29784608,	0
29784671,	0
29784670,	0
29784669,	0
29784668,	0
29784667,	0
29784666,	0
29784665,	0
29784664,	0
29784663,	0
29784662,	0
29784661,	0
29784660,	0
29784659,	0
29784658,	0
29784657,	0
29784656,	0
29784655,	0
29784654,	0
29784653,	0
29784652,	0
29784651,	0
29784650,	0
29784649,	0
29784648,	0
29784647,	0
29784646,	0
29784645,	0
