29787590,	0
29787589,	0
29787588,	0
29787587,	0
29787586,	0
29787585,	0
29787584,	0
29787647,	0
29787646,	182
29787645,	0
29787644,	98
29787643,	0
29787642,	0
29787641,	0
29787640,	0
29787639,	0
29787638,	0
29787637,	0
29787636,	0
29787635,	0
29787634,	0
29787633,	0
29787632,	0
29787631,	0
29787630,	0
29787629,	0
29787628,	0
29787627,	0
29787626,	0
29787625,	0
29787624,	0
29787623,	182
29787622,	0
29787621,	0
29787620,	0
29787619,	98
29787618,	0
29787617,	0
29787616,	0
29787679,	0
29787678,	0
29787677,	0
29787676,	0
29787675,	0
29787674,	0
29787673,	0
29787672,	0
29787671,	0
29787670,	0
29787669,	0
29787668,	0
29787667,	0
29787666,	0
29787665,	0
29787664,	0
29787663,	0
29787662,	0
29787661,	0
29787660,	0
29787659,	0
29787658,	0
29787657,	0
29787656,	0
29787655,	0
29787654,	0
29787653,	0
29787652,	0
29787651,	0
29787650,	0
29787649,	0
29787648,	0
29787711,	0
29787710,	0
29787709,	0
29787708,	0
29787707,	0
29787706,	0
29787705,	0
29787704,	0
29787703,	0
29787702,	0
29787701,	0
29787700,	0
29787699,	0
29787698,	0
29787697,	0
29787696,	0
29787695,	0
29787694,	0
29787693,	0
29787692,	0
29787691,	0
29787690,	0
29787689,	0
29787688,	0
29787687,	0
29787686,	0
29787685,	0
29787684,	0
29787683,	0
29787682,	0
29787681,	0
29787680,	0
29787775,	0
29787774,	0
29787773,	0
29787772,	0
29787771,	0
29787770,	0
29787769,	0
29787768,	0
29787767,	182
29787766,	0
29787765,	98
29787764,	0
29787763,	0
29787762,	0
29787761,	0
29787760,	0
29787759,	0
29787758,	0
29787757,	0
29787756,	0
29787755,	0
29787754,	0
29787753,	0
29787752,	0
29787751,	0
29787750,	0
29787749,	0
29787748,	0
29787747,	0
29787746,	0
29787745,	0
29787744,	0
29787807,	0
29787806,	0
29787805,	0
29787804,	0
29787803,	0
29787802,	0
29787801,	0
29787800,	0
29787799,	0
29787798,	0
29787797,	0
29787796,	0
29787795,	0
29787794,	0
29787793,	0
29787792,	0
29787791,	0
29787790,	0
29787789,	0
29787788,	0
29787787,	0
29787786,	0
29787785,	0
29787784,	0
29787783,	182
29787782,	0
29787781,	0
29787780,	0
