29787779,	98
29787778,	0
29787777,	0
29787776,	0
29787839,	0
29787838,	0
29787837,	0
29787836,	0
29787835,	0
29787834,	0
29787833,	0
29787832,	0
29787831,	0
29787830,	0
29787829,	0
29787828,	0
29787827,	0
29787826,	0
29787825,	0
29787824,	0
29787823,	0
29787822,	0
29787821,	0
29787820,	0
29787819,	0
29787818,	0
29787817,	0
29787816,	0
29787815,	0
29787814,	0
29787813,	0
29787812,	0
29787811,	0
29787810,	0
29787809,	0
29787808,	0
29787871,	0
29787870,	0
29787869,	0
29787868,	0
29787867,	0
29787866,	0
29787865,	0
29787864,	0
29787863,	182
29787862,	98
29787861,	0
29787860,	0
29787859,	0
29787858,	0
29787857,	0
29787856,	0
29787855,	0
29787854,	0
29787853,	0
29787852,	0
29787851,	0
29787850,	0
29787849,	0
29787848,	0
29787847,	182
29787846,	98
29787845,	0
29787844,	0
29787843,	0
29787842,	0
29787841,	0
29787840,	0
29787903,	0
29787902,	0
29787901,	0
29787900,	0
29787899,	0
29787898,	0
29787897,	0
29787896,	0
29787895,	0
29787894,	0
29787893,	0
29787892,	0
29787891,	0
29787890,	0
29787889,	0
29787888,	0
29787887,	0
29787886,	0
29787885,	0
29787884,	0
29787883,	0
29787882,	0
29787881,	0
29787880,	0
29787879,	0
29787878,	0
29787877,	0
29787876,	0
29787875,	0
29787874,	0
29787873,	0
29787872,	0
29787935,	0
29787934,	0
29787933,	0
29787932,	0
29787931,	0
29787930,	0
29787929,	0
29787928,	0
29787927,	0
29787926,	0
29787925,	0
29787924,	0
29787923,	0
29787922,	0
29787921,	0
29787920,	0
29787919,	0
29787918,	0
29787917,	0
29787916,	0
29787915,	0
29787914,	0
29787913,	0
29787912,	0
29787911,	0
29787910,	0
29787909,	0
29787908,	0
29787907,	0
29787906,	0
29787905,	0
29787904,	0
29787967,	0
29787966,	0
29787965,	0
29787964,	0
29787963,	0
29787962,	0
29787961,	0
29787960,	0
29787959,	0
29787958,	0
29787957,	0
29787956,	0
29787955,	0
29787954,	0
29787953,	0
29787952,	0
29787951,	0
29787950,	0
29787949,	0
29787948,	0
29787947,	0
29787946,	0
29787945,	0
29787944,	0
29787943,	0
29787942,	0
29787941,	0
29787940,	0
29787939,	0
29787938,	0
29787937,	0
29787936,	0
