29788565,	0
29788564,	0
29788563,	0
29788562,	0
29788561,	0
29788560,	0
29788559,	0
29788558,	0
29788557,	0
29788556,	0
29788555,	0
29788554,	0
29788553,	0
29788552,	0
29788551,	0
29788550,	0
29788549,	0
29788548,	0
29788547,	0
29788546,	0
29788545,	0
29788544,	0
29788607,	0
29788606,	0
29788605,	0
29788604,	0
29788603,	0
29788602,	0
29788601,	0
29788600,	0
29788599,	0
29788598,	0
29788597,	0
29788596,	0
29788595,	0
29788594,	0
29788593,	0
29788592,	0
29788591,	0
29788590,	0
29788589,	0
29788588,	0
29788587,	0
29788586,	0
29788585,	0
29788584,	0
29788583,	0
29788582,	0
29788581,	0
29788580,	0
29788579,	0
29788578,	0
29788577,	0
29788576,	0
29788639,	0
29788638,	0
29788637,	0
29788636,	0
29788635,	0
29788634,	0
29788633,	0
29788632,	0
29788631,	0
29788630,	0
29788629,	0
29788628,	0
29788627,	0
29788626,	0
29788625,	0
29788624,	0
29788623,	0
29788622,	0
29788621,	0
29788620,	0
29788619,	0
29788618,	0
29788617,	0
29788616,	0
29788615,	0
29788614,	0
29788613,	0
29788612,	0
29788611,	0
29788610,	0
29788609,	0
29788608,	0
29788671,	0
29788670,	0
29788669,	0
29788668,	0
29788667,	0
29788666,	0
29788665,	0
29788664,	0
29788663,	0
29788662,	0
29788661,	0
29788660,	0
29788659,	0
29788658,	0
29788657,	0
29788656,	0
29788655,	0
29788654,	0
29788653,	0
29788652,	0
29788651,	0
29788650,	0
29788649,	0
29788648,	0
29788647,	0
29788646,	0
29788645,	0
29788644,	0
29788643,	0
29788642,	0
29788641,	0
29788640,	0
29788703,	0
29788702,	0
29788701,	0
29788700,	0
29788699,	0
29788698,	0
29788697,	0
29788696,	0
29788695,	0
29788694,	0
29788693,	0
29788692,	0
29788691,	0
29788690,	0
29788689,	0
29788688,	0
29788687,	0
29788686,	0
29788685,	0
29788684,	0
29788683,	0
29788682,	0
29788681,	0
29788680,	0
29788679,	0
29788678,	0
29788677,	0
29788676,	0
29788675,	0
29788674,	0
29788673,	0
29788672,	0
29788735,	0
29788734,	0
29788733,	0
29788732,	0
29788731,	0
29788730,	0
29788729,	0
29788728,	0
29788727,	0
29788726,	0
29788725,	0
29788724,	0
29788723,	0
