29791134,	0
29791133,	0
29791132,	0
29791131,	0
29791130,	0
29791129,	0
29791128,	0
29791127,	0
29791126,	0
29791125,	0
29791124,	0
29791123,	0
29791122,	0
29791121,	0
29791120,	0
29791119,	0
29791118,	0
29791117,	0
29791116,	0
29791115,	0
29791114,	0
29791113,	0
29791112,	0
29791111,	0
29791110,	0
29791109,	0
29791108,	0
29791107,	0
29791106,	0
29791105,	0
29791104,	0
29791167,	0
29791166,	0
29791165,	0
29791164,	0
29791163,	0
29791162,	0
29791161,	0
29791160,	0
29791159,	0
29791158,	0
29791157,	0
29791156,	0
29791155,	0
29791154,	0
29791153,	0
29791152,	0
29791151,	0
29791150,	0
29791149,	0
29791148,	0
29791147,	0
29791146,	0
29791145,	0
29791144,	0
29791143,	0
29791142,	0
29791141,	0
29791140,	0
29791139,	0
29791138,	0
29791137,	0
29791136,	0
29791199,	0
29791198,	0
29791197,	0
29791196,	0
29791195,	0
29791194,	0
29791193,	0
29791192,	0
29791191,	0
29791190,	0
29791189,	0
29791188,	0
29791187,	0
29791186,	0
29791185,	0
29791184,	0
29791183,	0
29791182,	0
29791181,	0
29791180,	0
29791179,	0
29791178,	0
29791177,	0
29791176,	0
29791175,	0
29791174,	0
29791173,	0
29791172,	0
29791171,	0
29791170,	0
29791169,	0
29791168,	0
29791231,	0
29791230,	0
29791229,	0
29791228,	0
29791227,	0
29791226,	0
29791225,	0
29791224,	0
29791223,	0
29791222,	0
29791221,	0
29791220,	0
29791219,	0
29791218,	0
29791217,	0
29791216,	0
29791215,	0
29791214,	0
29791213,	0
29791212,	0
29791211,	0
29791210,	0
29791209,	0
29791208,	0
29791207,	0
29791206,	0
29791205,	0
29791204,	0
29791203,	0
29791202,	0
29791201,	0
29791200,	0
29791247,	0
29791246,	0
29791245,	0
29791244,	0
29791243,	0
29791242,	0
29791241,	0
29791240,	0
29791239,	0
29791238,	0
29791237,	0
29791236,	0
29791235,	0
29791234,	0
29791233,	0
29791232,	0
29791327,	196
29791326,	0
29791325,	0
29791324,	0
29791323,	0
29791322,	0
29791321,	0
29791320,	0
29791319,	196
29791318,	196
29791317,	0
29791316,	0
29791315,	0
29791314,	0
29791313,	0
29791312,	0
29791311,	0
29791310,	0
29791309,	0
29791308,	0
