29791856,	0
29791855,	0
29791854,	0
29791853,	0
29791852,	0
29791851,	0
29791850,	0
29791849,	0
29791848,	0
29791847,	0
29791846,	0
29791845,	0
29791844,	0
29791843,	0
29791842,	0
29791841,	0
29791840,	0
29791903,	0
29791902,	0
29791901,	0
29791900,	0
29791899,	0
29791898,	0
29791897,	0
29791896,	0
29791895,	0
29791894,	182
29791893,	0
29791892,	0
29791891,	0
29791890,	98
29791889,	0
29791888,	0
29791887,	0
29791886,	0
29791885,	0
29791884,	0
29791883,	0
29791882,	0
29791881,	0
29791880,	0
29791879,	0
29791878,	0
29791877,	0
29791876,	0
29791875,	0
29791874,	0
29791873,	0
29791872,	0
29791935,	0
29791934,	0
29791933,	0
29791932,	0
29791931,	0
29791930,	0
29791929,	0
29791928,	0
29791927,	0
29791926,	0
29791925,	0
29791924,	0
29791923,	0
29791922,	0
29791921,	0
29791920,	0
29791919,	0
29791918,	0
29791917,	0
29791916,	0
29791915,	0
29791914,	0
29791913,	0
29791912,	0
29791911,	0
29791910,	0
29791909,	0
29791908,	0
29791907,	182
29791906,	98
29791905,	0
29791904,	0
29791967,	0
29791966,	0
29791965,	0
29791964,	0
29791963,	0
29791962,	0
29791961,	0
29791960,	0
29791959,	0
29791958,	0
29791957,	0
29791956,	0
29791955,	0
29791954,	0
29791953,	0
29791952,	0
29791951,	0
29791950,	0
29791949,	0
29791948,	0
29791947,	0
29791946,	0
29791945,	0
29791944,	0
29791943,	0
29791942,	0
29791941,	0
29791940,	0
29791939,	0
29791938,	0
29791937,	0
29791936,	0
29791999,	0
29791998,	0
29791997,	0
29791996,	0
29791995,	0
29791994,	0
29791993,	0
29791992,	0
29791991,	0
29791990,	0
29791989,	0
29791988,	0
29791987,	0
29791986,	0
29791985,	0
29791984,	0
29791983,	0
29791982,	0
29791981,	0
29791980,	0
29791979,	0
29791978,	0
29791977,	0
29791976,	0
29791975,	0
29791974,	0
29791973,	0
29791972,	0
29791971,	0
29791970,	0
29791969,	0
29791968,	0
29792031,	0
29792030,	0
29792029,	0
29792028,	0
29792027,	0
29792026,	0
29792025,	0
29792024,	0
29792023,	0
29792022,	0
29792021,	0
29792020,	0
29792019,	0
29792018,	0
29792017,	0
29792016,	0
29792015,	0
29792014,	0
