29792579,	0
29792578,	0
29792577,	0
29792576,	0
29792639,	0
29792638,	0
29792637,	0
29792636,	0
29792635,	0
29792634,	0
29792633,	0
29792632,	0
29792631,	0
29792630,	0
29792629,	0
29792628,	0
29792627,	0
29792626,	0
29792625,	0
29792624,	0
29792623,	0
29792622,	0
29792621,	0
29792620,	0
29792619,	0
29792618,	0
29792617,	0
29792616,	0
29792615,	0
29792614,	0
29792613,	0
29792612,	0
29792611,	0
29792610,	0
29792609,	0
29792608,	0
29792671,	0
29792670,	0
29792669,	0
29792668,	0
29792667,	0
29792666,	0
29792665,	0
29792664,	0
29792663,	0
29792662,	0
29792661,	0
29792660,	0
29792659,	0
29792658,	0
29792657,	0
29792656,	0
29792655,	0
29792654,	0
29792653,	0
29792652,	0
29792651,	0
29792650,	0
29792649,	0
29792648,	0
29792647,	0
29792646,	0
29792645,	0
29792644,	0
29792643,	0
29792642,	0
29792641,	0
29792640,	0
29792703,	0
29792702,	0
29792701,	0
29792700,	0
29792699,	0
29792698,	0
29792697,	0
29792696,	0
29792695,	0
29792694,	0
29792693,	0
29792692,	0
29792691,	0
29792690,	0
29792689,	0
29792688,	0
29792687,	0
29792686,	0
29792685,	0
29792684,	0
29792683,	0
29792682,	0
29792681,	0
29792680,	0
29792679,	0
29792678,	0
29792677,	0
29792676,	0
29792675,	0
29792674,	0
29792673,	0
29792672,	0
29792735,	0
29792734,	0
29792733,	0
29792732,	0
29792731,	0
29792730,	0
29792729,	0
29792728,	0
29792727,	0
29792726,	0
29792725,	0
29792724,	0
29792723,	0
29792722,	0
29792721,	0
29792720,	0
29792719,	0
29792718,	0
29792717,	0
29792716,	0
29792715,	0
29792714,	0
29792713,	0
29792712,	0
29792711,	0
29792710,	0
29792709,	0
29792708,	0
29792707,	0
29792706,	0
29792705,	0
29792704,	0
29792767,	0
29792766,	0
29792765,	0
29792764,	0
29792763,	0
29792762,	0
29792761,	0
29792760,	0
29792759,	0
29792758,	0
29792757,	0
29792756,	0
29792755,	0
29792754,	0
29792753,	0
29792752,	0
29792751,	0
29792750,	1
29792749,	0
29792748,	1
29792747,	0
29792746,	0
29792745,	0
29792744,	0
29792743,	0
29792742,	0
29792741,	0
29792740,	0
29792739,	0
29792738,	0
29792737,	0
29792736,	192
