29795396,	0
29795395,	0
29795394,	0
29795393,	0
29795392,	0
29795439,	0
29795438,	0
29795437,	0
29795436,	0
29795435,	0
29795434,	0
29795433,	0
29795432,	0
29795431,	0
29795430,	0
29795429,	0
29795428,	0
29795427,	0
29795426,	0
29795425,	0
29795424,	0
29795486,	0
29795483,	0
29795482,	0
29795481,	0
29795480,	0
29795479,	0
29795478,	0
29795477,	0
29795476,	0
29795475,	0
29795474,	0
29795473,	0
29795472,	0
29795468,	0
29795467,	0
29795466,	0
29795465,	0
29795464,	0
29795463,	0
29795462,	0
29795461,	0
29795459,	0
29795458,	0
29795457,	0
29795456,	0
29795503,	0
29795502,	0
29795501,	0
29795500,	0
29795499,	0
29795498,	0
29795496,	0
29795495,	0
29795494,	0
29795493,	0
29795492,	0
29795491,	0
29795490,	0
29795489,	0
29795488,	0
29795550,	0
29795547,	0
29795546,	0
29795545,	0
29795544,	0
29795537,	0
29795536,	0
29795535,	0
29795534,	0
29795532,	0
29795524,	0
29795523,	0
29795522,	0
29795521,	0
29795520,	0
29795582,	0
29795581,	0
29795580,	0
29795579,	0
29795570,	0
29795569,	0
29795568,	0
29795567,	0
29795566,	0
29795558,	0
29795557,	0
29795556,	0
29795555,	0
29795554,	0
29795553,	0
29795552,	0
29795600,	0
29795596,	0
29795588,	0
29795586,	0
29795585,	0
29795584,	0
29795642,	0
29795631,	0
29795630,	0
29795618,	0
29795678,	0
29795675,	0
29795674,	0
29795673,	0
29795672,	0
29795671,	0
29795670,	182
29795669,	0
29795668,	0
29795667,	0
29795666,	0
29795665,	0
29795664,	0
29795660,	0
29795659,	0
29795658,	0
29795657,	0
29795656,	0
29795655,	0
29795654,	0
29795652,	0
29795651,	0
29795650,	0
29795649,	0
29795648,	0
29795710,	0
29795709,	0
29795708,	0
29795707,	0
29795706,	0
29795705,	0
29795704,	0
29795703,	0
29795702,	0
29795700,	196
29795699,	0
29795698,	0
29795695,	0
29795694,	0
29795693,	0
29795692,	0
29795691,	0
29795688,	0
29795687,	0
29795686,	0
29795685,	0
29795684,	0
29795683,	0
29795682,	0
29795681,	0
29795680,	0
29795729,	0
29795728,	0
29795727,	0
29795726,	14
29795716,	0
