29803232,	0
29803295,	0
29803294,	0
29803293,	0
29803292,	0
29803291,	0
29803290,	0
29803289,	0
29803288,	0
29803287,	0
29803286,	0
29803285,	0
29803284,	0
29803283,	0
29803282,	0
29803281,	0
29803280,	0
29803279,	0
29803278,	0
29803277,	0
29803276,	0
29803275,	0
29803274,	0
29803273,	0
29803272,	0
29803271,	0
29803270,	0
29803269,	0
29803268,	0
29803267,	0
29803266,	0
29803265,	0
29803264,	0
29803327,	0
29803326,	0
29803325,	0
29803324,	0
29803323,	0
29803322,	0
29803321,	0
29803320,	0
29803319,	0
29803318,	0
29803317,	0
29803316,	0
29803315,	0
29803314,	0
29803313,	0
29803312,	0
29803311,	0
29803310,	0
29803309,	0
29803308,	0
29803307,	0
29803306,	0
29803305,	0
29803304,	0
29803303,	0
29803302,	0
29803301,	0
29803300,	0
29803299,	0
29803298,	0
29803297,	0
29803296,	0
29803359,	0
29803358,	0
29803357,	0
29803356,	0
29803355,	0
29803354,	0
29803353,	0
29803352,	0
29803351,	0
29803350,	0
29803349,	0
29803348,	0
29803347,	0
29803346,	0
29803345,	0
29803344,	0
29803343,	0
29803342,	0
29803341,	0
29803340,	0
29803339,	0
29803338,	0
29803337,	0
29803336,	0
29803335,	0
29803334,	0
29803333,	0
29803332,	0
29803331,	0
29803330,	0
29803329,	0
29803328,	0
29803391,	0
29803390,	0
29803389,	0
29803388,	0
29803387,	0
29803386,	0
29803385,	0
29803384,	0
29803383,	0
29803382,	0
29803381,	0
29803380,	0
29803379,	0
29803378,	0
29803377,	0
29803376,	0
29803375,	0
29803374,	0
29803373,	0
29803372,	0
29803371,	0
29803370,	0
29803369,	0
29803368,	0
29803367,	0
29803366,	0
29803365,	0
29803364,	0
29803363,	0
29803362,	0
29803361,	0
29803360,	0
29803487,	0
29803486,	0
29803485,	0
29803484,	0
29803483,	0
29803482,	0
29803481,	0
29803480,	0
29803479,	0
29803478,	0
29803477,	0
29803476,	0
29803475,	0
29803474,	0
29803473,	0
29803472,	0
29803471,	0
29803470,	0
29803469,	0
29803468,	0
29803467,	0
29803466,	0
29803465,	0
29803464,	0
29803463,	0
29803462,	0
29803461,	0
29803460,	0
29803459,	0
29803458,	0
29803457,	0
29803456,	0
29803503,	0
29803502,	0
29803501,	0
