29807306,	0
29807305,	0
29807304,	0
29807303,	0
29807302,	0
29807301,	0
29807300,	0
29807299,	0
29807298,	0
29807297,	0
29807296,	0
29807359,	0
29807358,	0
29807357,	0
29807356,	0
29807355,	0
29807354,	0
29807353,	0
29807352,	0
29807351,	0
29807350,	0
29807349,	0
29807348,	0
29807347,	0
29807346,	0
29807345,	0
29807344,	0
29807343,	0
29807342,	0
29807341,	0
29807340,	0
29807339,	0
29807338,	0
29807337,	0
29807336,	0
29807335,	0
29807334,	0
29807333,	0
29807332,	0
29807331,	0
29807330,	0
29807329,	0
29807328,	0
29807391,	0
29807390,	0
29807389,	0
29807388,	0
29807387,	0
29807386,	0
29807385,	0
29807384,	0
29807383,	0
29807382,	0
29807381,	0
29807380,	0
29807379,	0
29807378,	0
29807377,	0
29807376,	0
29807375,	0
29807374,	0
29807373,	0
29807372,	0
29807371,	0
29807370,	0
29807369,	0
29807368,	0
29807367,	0
29807366,	0
29807365,	0
29807364,	0
29807363,	0
29807362,	0
29807361,	0
29807360,	0
29807423,	0
29807422,	0
29807421,	0
29807420,	0
29807419,	0
29807418,	0
29807417,	0
29807416,	0
29807415,	0
29807414,	0
29807413,	0
29807412,	0
29807411,	0
29807410,	0
29807409,	0
29807408,	0
29807407,	0
29807406,	0
29807405,	0
29807404,	0
29807403,	0
29807402,	0
29807401,	0
29807400,	0
29807399,	0
29807398,	0
29807397,	0
29807396,	0
29807395,	0
29807394,	0
29807393,	0
29807392,	0
29807455,	91
29807454,	78
29807453,	7
29807452,	6
29807451,	0
29807450,	0
29807449,	0
29807448,	0
29807447,	0
29807446,	0
29807445,	0
29807444,	0
29807443,	0
29807442,	0
29807441,	0
29807440,	0
29807439,	0
29807438,	0
29807437,	0
29807436,	0
29807435,	0
29807434,	0
29807433,	0
29807432,	0
29807431,	0
29807430,	0
29807429,	0
29807428,	0
29807427,	0
29807426,	0
29807425,	0
29807424,	0
29807487,	0
29807486,	0
29807485,	0
29807484,	0
29807483,	0
29807482,	0
29807481,	0
29807480,	0
29807479,	0
29807478,	0
29807477,	0
29807476,	0
29807475,	0
29807474,	0
29807473,	0
29807472,	0
29807471,	0
29807470,	0
29807469,	0
29807468,	0
29807467,	0
29807466,	0
29807465,	0
29807464,	0
29807463,	0
