29807888,	0
29807887,	0
29807886,	0
29807885,	0
29807884,	0
29807883,	0
29807882,	0
29807881,	0
29807880,	0
29807879,	0
29807878,	0
29807877,	0
29807876,	0
29807875,	0
29807874,	0
29807873,	0
29807872,	0
29807935,	0
29807934,	0
29807933,	0
29807932,	0
29807931,	0
29807930,	0
29807929,	0
29807928,	0
29807927,	0
29807926,	0
29807925,	0
29807924,	0
29807923,	0
29807922,	0
29807921,	0
29807920,	0
29807919,	0
29807918,	0
29807917,	0
29807916,	0
29807915,	0
29807914,	0
29807913,	0
29807912,	0
29807911,	0
29807910,	0
29807909,	0
29807908,	0
29807907,	0
29807906,	0
29807905,	0
29807904,	0
29807967,	0
29807966,	0
29807965,	0
29807964,	0
29807963,	0
29807962,	0
29807961,	0
29807960,	0
29807959,	0
29807958,	0
29807957,	0
29807956,	0
29807955,	0
29807954,	0
29807953,	0
29807952,	0
29807951,	0
29807950,	0
29807949,	0
29807948,	0
29807947,	0
29807946,	0
29807945,	0
29807944,	0
29807943,	0
29807942,	0
29807941,	0
29807940,	0
29807939,	0
29807938,	0
29807937,	0
29807936,	0
29807999,	0
29807998,	0
29807997,	0
29807996,	0
29807995,	0
29807994,	0
29807993,	0
29807992,	0
29807991,	0
29807990,	0
29807989,	0
29807988,	0
29807987,	0
29807986,	0
29807985,	0
29807984,	0
29807983,	0
29807982,	0
29807981,	0
29807980,	0
29807979,	0
29807978,	0
29807977,	0
29807976,	0
29807975,	0
29807974,	0
29807973,	0
29807972,	0
29807971,	0
29807970,	0
29807969,	0
29807968,	0
29808031,	0
29808030,	0
29808029,	0
29808028,	0
29808027,	0
29808026,	84
29808025,	0
29808024,	0
29808023,	0
29808022,	0
29808021,	0
29808020,	0
29808019,	0
29808018,	56
29808017,	0
29808016,	42
29808015,	0
29808014,	0
29808013,	0
29808012,	0
29808011,	0
29808010,	0
29808009,	0
29808008,	0
29808007,	0
29808006,	0
29808005,	0
29808004,	0
29808003,	0
29808002,	0
29808001,	0
29808000,	0
29808063,	0
29808062,	0
29808061,	0
29808060,	0
29808059,	0
29808058,	0
29808057,	0
29808056,	0
29808055,	0
29808054,	0
29808053,	0
29808052,	0
29808051,	0
29808050,	0
29808049,	0
29808048,	0
29808047,	0
29808046,	0
29808045,	0
