29808044,	0
29808043,	0
29808042,	0
29808041,	0
29808040,	0
29808039,	0
29808038,	0
29808037,	0
29808036,	0
29808035,	0
29808034,	0
29808033,	0
29808032,	0
29808095,	0
29808094,	0
29808093,	0
29808092,	0
29808091,	0
29808090,	0
29808089,	0
29808088,	0
29808087,	0
29808086,	0
29808085,	0
29808084,	0
29808083,	0
29808082,	0
29808081,	0
29808080,	0
29808079,	0
29808078,	0
29808077,	0
29808076,	0
29808075,	0
29808074,	0
29808073,	0
29808072,	0
29808071,	0
29808070,	0
29808069,	0
29808068,	0
29808067,	0
29808066,	0
29808065,	0
29808064,	0
29808127,	0
29808126,	0
29808125,	0
29808124,	0
29808123,	0
29808122,	0
29808121,	0
29808120,	0
29808119,	0
29808118,	0
29808117,	0
29808116,	0
29808115,	0
29808114,	0
29808113,	0
29808112,	0
29808111,	0
29808110,	0
29808109,	0
29808108,	0
29808107,	0
29808106,	0
29808105,	0
29808104,	0
29808103,	0
29808102,	0
29808101,	0
29808100,	0
29808099,	0
29808098,	0
29808097,	0
29808096,	0
29808159,	0
29808158,	0
29808157,	0
29808156,	0
29808155,	0
29808154,	0
29808153,	0
29808152,	0
29808151,	0
29808150,	0
29808149,	0
29808148,	0
29808147,	0
29808146,	0
29808145,	0
29808144,	0
29808143,	0
29808142,	0
29808141,	0
29808140,	0
29808139,	0
29808138,	0
29808137,	0
29808136,	0
29808135,	0
29808134,	0
29808133,	0
29808132,	0
29808131,	0
29808130,	0
29808129,	0
29808128,	0
29808191,	0
29808190,	0
29808189,	0
29808188,	0
29808187,	0
29808186,	0
29808185,	0
29808184,	0
29808183,	0
29808182,	0
29808181,	0
29808180,	0
29808179,	0
29808178,	0
29808177,	0
29808176,	0
29808175,	0
29808174,	0
29808173,	0
29808172,	0
29808171,	0
29808170,	0
29808169,	0
29808168,	0
29808167,	0
29808166,	0
29808165,	0
29808164,	0
29808163,	0
29808162,	0
29808161,	0
29808160,	0
29808255,	0
29808254,	0
29808253,	0
29808252,	0
29808251,	0
29808250,	0
29808249,	0
29808248,	0
29808247,	0
29808246,	0
29808245,	0
29808244,	0
29808243,	0
29808242,	0
29808241,	0
29808240,	0
29808239,	0
29808238,	0
29808237,	0
29808236,	0
29808235,	0
29808234,	0
