29811805,	0
29811804,	0
29811803,	0
29811802,	0
29811801,	0
29811800,	0
29811799,	0
29811798,	0
29811797,	0
29811796,	0
29811795,	0
29811794,	0
29811793,	0
29811792,	0
29811791,	0
29811790,	0
29811789,	0
29811788,	0
29811787,	0
29811786,	0
29811785,	0
29811784,	0
29811783,	0
29811782,	0
29811781,	0
29811780,	0
29811779,	0
29811778,	0
29811777,	0
29811776,	0
29811839,	0
29811838,	0
29811837,	0
29811836,	0
29811835,	0
29811834,	0
29811833,	0
29811832,	0
29811831,	0
29811830,	0
29811829,	0
29811828,	0
29811827,	0
29811826,	0
29811825,	0
29811824,	0
29811823,	0
29811822,	0
29811821,	0
29811820,	0
29811819,	0
29811818,	0
29811817,	0
29811816,	0
29811815,	0
29811814,	0
29811813,	0
29811812,	0
29811811,	0
29811810,	0
29811809,	0
29811808,	0
29811871,	0
29811870,	0
29811869,	0
29811868,	0
29811867,	0
29811866,	0
29811865,	0
29811864,	0
29811863,	0
29811862,	0
29811861,	0
29811860,	0
29811859,	0
29811858,	0
29811857,	0
29811856,	0
29811855,	0
29811854,	0
29811853,	0
29811852,	0
29811851,	0
29811850,	0
29811849,	0
29811848,	0
29811847,	0
29811846,	0
29811845,	0
29811844,	0
29811843,	0
29811842,	0
29811841,	0
29811840,	0
29811903,	0
29811902,	0
29811901,	0
29811900,	0
29811899,	0
29811898,	0
29811897,	0
29811896,	0
29811895,	0
29811894,	0
29811893,	0
29811892,	0
29811891,	0
29811890,	0
29811889,	0
29811888,	0
29811887,	0
29811886,	0
29811885,	0
29811884,	0
29811883,	0
29811882,	0
29811881,	0
29811880,	0
29811879,	0
29811878,	0
29811877,	0
29811876,	0
29811875,	0
29811874,	0
29811873,	0
29811872,	0
29811935,	0
29811934,	0
29811933,	0
29811932,	0
29811931,	0
29811930,	0
29811929,	0
29811928,	0
29811927,	0
29811926,	0
29811925,	0
29811924,	0
29811923,	0
29811922,	0
29811921,	0
29811920,	0
29811919,	0
29811918,	0
29811917,	0
29811916,	0
29811915,	0
29811914,	0
29811913,	0
29811912,	0
29811911,	0
29811910,	0
29811909,	0
29811908,	0
29811907,	0
29811906,	0
29811905,	0
29811904,	0
29811967,	0
29811966,	0
29811965,	0
29811964,	0
29811963,	0
