29812118,	0
29812117,	0
29812116,	0
29812115,	0
29812114,	0
29812113,	0
29812112,	0
29812111,	0
29812110,	0
29812109,	0
29812108,	42
29812107,	0
29812106,	0
29812105,	0
29812104,	0
29812103,	0
29812102,	0
29812101,	0
29812100,	42
29812099,	0
29812098,	0
29812097,	0
29812096,	0
29812159,	0
29812158,	0
29812157,	0
29812156,	0
29812155,	0
29812154,	0
29812153,	0
29812152,	0
29812151,	0
29812150,	0
29812149,	0
29812148,	0
29812147,	0
29812146,	0
29812145,	0
29812144,	0
29812143,	0
29812142,	0
29812141,	0
29812140,	0
29812139,	0
29812138,	0
29812137,	0
29812136,	0
29812135,	0
29812134,	0
29812133,	0
29812132,	0
29812131,	0
29812130,	0
29812129,	0
29812128,	0
29812191,	0
29812190,	0
29812189,	0
29812188,	0
29812187,	0
29812186,	0
29812185,	0
29812184,	0
29812183,	0
29812182,	0
29812181,	0
29812180,	0
29812179,	0
29812178,	0
29812177,	0
29812176,	0
29812175,	0
29812174,	0
29812173,	0
29812172,	0
29812171,	0
29812170,	0
29812169,	0
29812168,	0
29812167,	0
29812166,	196
29812165,	0
29812164,	0
29812163,	0
29812162,	0
29812161,	0
29812160,	0
29812223,	0
29812222,	0
29812221,	0
29812220,	0
29812219,	0
29812218,	0
29812217,	0
29812216,	0
29812215,	0
29812214,	0
29812213,	196
29812212,	0
29812211,	0
29812210,	0
29812209,	0
29812208,	0
29812207,	0
29812206,	0
29812205,	0
29812204,	0
29812203,	0
29812202,	0
29812201,	0
29812200,	0
29812199,	0
29812198,	0
29812197,	0
29812196,	0
29812195,	0
29812194,	0
29812193,	0
29812192,	0
29812255,	0
29812254,	0
29812253,	0
29812252,	0
29812251,	0
29812250,	0
29812249,	0
29812248,	0
29812247,	0
29812246,	0
29812245,	196
29812244,	0
29812243,	0
29812242,	0
29812241,	0
29812240,	0
29812239,	0
29812238,	0
29812237,	0
29812236,	0
29812235,	0
29812234,	0
29812233,	0
29812232,	0
29812231,	0
29812230,	0
29812229,	0
29812228,	0
29812227,	196
29812226,	0
29812225,	0
29812224,	0
29812287,	0
29812286,	0
29812285,	0
29812284,	0
29812283,	0
29812282,	0
29812281,	0
29812280,	0
29812279,	0
29812278,	0
29812277,	0
29812276,	0
