29812933,	0
29812932,	0
29812931,	0
29812930,	0
29812929,	0
29812928,	0
29812991,	0
29812990,	0
29812989,	0
29812988,	0
29812987,	0
29812986,	0
29812985,	0
29812984,	0
29812983,	0
29812982,	0
29812981,	0
29812980,	0
29812979,	0
29812978,	0
29812977,	0
29812976,	0
29812975,	0
29812974,	0
29812973,	0
29812972,	0
29812971,	0
29812970,	0
29812969,	0
29812968,	0
29812967,	0
29812966,	0
29812965,	0
29812964,	0
29812963,	0
29812962,	0
29812961,	0
29812960,	0
29813023,	0
29813022,	0
29813021,	0
29813020,	0
29813019,	0
29813018,	0
29813017,	0
29813016,	0
29813015,	0
29813014,	0
29813013,	0
29813012,	0
29813011,	0
29813010,	0
29813009,	0
29813008,	0
29813007,	0
29813006,	0
29813005,	0
29813004,	0
29813003,	0
29813002,	0
29813001,	0
29813000,	0
29812999,	0
29812998,	0
29812997,	0
29812996,	0
29812995,	0
29812994,	0
29812993,	0
29812992,	0
29813055,	0
