29815972,	0
29815971,	0
29815970,	0
29815969,	0
29815968,	0
29816031,	0
29816030,	0
29816029,	0
29816028,	0
29816027,	0
29816026,	0
29816025,	0
29816024,	0
29816023,	0
29816022,	0
29816021,	0
29816020,	0
29816019,	0
29816018,	0
29816017,	0
29816016,	0
29816015,	0
29816014,	0
29816013,	0
29816012,	0
29816011,	0
29816010,	0
29816009,	0
29816008,	0
29816007,	0
29816006,	0
29816005,	0
29816004,	0
29816003,	0
29816002,	0
29816001,	0
29816000,	0
29816063,	0
29816062,	0
29816061,	0
29816060,	0
29816059,	0
29816058,	0
29816057,	0
29816056,	0
29816055,	0
29816054,	0
29816053,	0
29816052,	0
29816051,	0
29816050,	0
29816049,	0
29816048,	0
29816047,	0
29816046,	0
29816045,	0
29816044,	0
29816043,	0
29816042,	0
29816041,	0
29816040,	0
29816039,	0
29816038,	0
29816037,	0
29816036,	0
29816035,	0
29816034,	0
29816033,	0
29816032,	0
29816095,	0
29816094,	0
29816093,	0
29816092,	0
29816091,	0
29816090,	0
29816089,	0
29816088,	0
29816087,	0
29816086,	0
29816085,	0
29816084,	0
29816083,	0
29816082,	0
29816081,	0
29816080,	0
29816079,	0
29816078,	0
29816077,	0
29816076,	0
29816075,	0
29816074,	0
29816073,	0
29816072,	0
29816071,	0
29816070,	0
29816069,	0
29816068,	0
29816066,	0
29816065,	0
29816064,	0
29816127,	0
29816126,	0
29816125,	0
29816124,	0
29816123,	0
29816122,	0
29816121,	0
29816120,	0
29816119,	0
29816118,	0
29816117,	0
29816116,	0
29816115,	0
29816114,	0
29816113,	0
29816112,	0
29816111,	0
29816110,	0
29816109,	0
29816108,	0
29816107,	0
29816106,	0
29816105,	0
29816104,	0
29816102,	0
29816101,	0
29816100,	0
29816099,	0
29816098,	0
29816097,	0
29816096,	0
29816159,	0
29816158,	0
29816157,	0
29816156,	0
29816155,	0
29816154,	0
29816153,	0
29816152,	0
29816151,	0
29816150,	0
29816149,	0
29816148,	0
29816147,	0
29816146,	0
29816145,	0
29816144,	0
29816143,	0
29816142,	0
29816141,	0
29816140,	0
29816139,	0
29816138,	0
29816137,	0
29816136,	0
29816135,	0
29816134,	0
29816133,	0
29816132,	0
29816131,	0
29816130,	0
29816129,	0
