29825529,	196
29825528,	196
29825527,	0
29825526,	0
29825525,	0
29825524,	0
29825563,	0
29825555,	0
29825547,	0
29825544,	0
29825543,	0
29825542,	0
29825541,	0
29825539,	0
29825537,	0
29825599,	0
29825597,	0
29825596,	0
29825595,	0
29825594,	0
29825593,	0
29825592,	0
29825591,	0
29825590,	0
29825589,	0
29825588,	0
29825585,	0
29825581,	0
29825627,	0
29828058,	0
29828055,	28
29828054,	0
29828051,	56
29828050,	0
29828035,	36
29828034,	0
29828069,	196
29828133,	0
29828179,	112
29828178,	0
29828167,	0
29828166,	0
29828199,	0
29828198,	0
29828195,	0
29828194,	0
29828193,	0
29828255,	0
29828254,	0
29828247,	196
29828246,	196
29828241,	0
29828239,	0
29828238,	0
29828227,	0
29828226,	0
29828285,	0
29828279,	0
29828278,	0
29828311,	0
29828310,	0
29828309,	0
29828307,	0
29828306,	0
29828295,	0
29828294,	0
29828291,	0
29828290,	0
29828343,	0
29828342,	0
29828339,	0
29828338,	0
29828369,	0
29828359,	0
29828358,	0
29828355,	0
29828354,	0
29828415,	0
29828414,	0
29828413,	0
29828401,	0
29828387,	0
29828386,	0
29828421,	0
29828419,	0
29828418,	0
29828503,	0
29828502,	0
29828497,	0
29828487,	0
29828486,	0
29828483,	0
29828482,	0
29828521,	0
29828573,	0
29828551,	0
29828550,	0
29828545,	0
29828591,	0
29828590,	0
29828581,	0
29828639,	0
29828638,	0
29828629,	0
29828625,	0
29828623,	0
29828622,	0
29828669,	0
29828647,	0
29828646,	0
29828721,	0
29828705,	0
29828765,	0
29828749,	0
29828779,	0
29828778,	0
29828831,	196
29828830,	196
29828823,	0
29828822,	0
29828861,	0
29828859,	0
29828858,	0
29828853,	0
29828847,	0
29828846,	0
29828845,	0
29828895,	0
29828894,	0
29828893,	0
29828885,	0
29828881,	0
29828877,	0
29828871,	0
29828870,	0
29828869,	0
29828925,	0
29828917,	0
29828909,	0
29828897,	0
29828959,	0
29828958,	0
29828957,	0
29828935,	0
29828934,	0
29828991,	0
29828990,	0
29828973,	0
