29848894,	0
29848893,	14
29848890,	0
29848884,	0
29848882,	0
29848881,	0
29848874,	0
29848868,	0
29848867,	0
29848866,	0
29848926,	0
29848922,	28
29848916,	28
29848914,	0
29848908,	0
29848902,	0
29848901,	0
29848900,	0
29848899,	0
29848898,	0
29848896,	0
29848958,	0
29848956,	0
29848954,	0
29848952,	0
29848950,	0
29848948,	0
29848946,	0
29848942,	0
29848936,	0
29848932,	0
29848930,	0
29848988,	0
29848986,	0
29848984,	0
29848983,	0
29848978,	0
29848977,	0
29848976,	0
29848970,	0
29848967,	0
29848966,	0
29848964,	0
29848963,	0
29849022,	0
29849020,	0
29849018,	0
29849016,	0
29849014,	0
29849012,	0
29849010,	0
29849008,	0
29849006,	0
29849004,	0
29849001,	0
29849000,	0
29848994,	0
29849053,	0
29849052,	0
29849050,	0
29849048,	0
29849038,	0
29849036,	0
29849034,	0
29849031,	0
29849025,	0
29849086,	0
29849084,	0
29849080,	0
29849078,	0
29849071,	0
29849070,	0
29849068,	0
29849064,	0
29849061,	0
29849058,	0
29849119,	0
29849116,	0
29849114,	0
29849112,	0
29849109,	0
29849108,	0
29849105,	0
29849103,	0
29849102,	0
29849100,	0
29849098,	0
29849096,	0
29849088,	0
29849150,	0
29849149,	0
29849148,	0
29849146,	0
29849144,	0
29849138,	0
29849130,	0
29849128,	0
29849127,	0
29849212,	0
29849210,	0
29849208,	0
29849204,	0
29849202,	0
29849201,	0
29849198,	0
29849196,	0
29849194,	0
29849192,	0
29849186,	0
29849185,	0
29849246,	0
29849245,	0
29849244,	0
29849232,	0
29849230,	0
29849229,	0
29849228,	188
29849222,	0
29849220,	0
29849216,	0
29849278,	0
29849274,	0
29849272,	0
29849270,	0
29849260,	0
29849259,	0
29849258,	0
29849256,	0
29849254,	0
29849252,	0
29849250,	0
29849311,	0
29849310,	0
29849308,	0
29849304,	0
29849303,	0
29849302,	0
29849298,	0
29849296,	0
29849292,	0
29849286,	0
29849280,	0
29849342,	0
29849341,	0
29849339,	0
29849336,	0
29849334,	0
29849333,	0
29849330,	0
29849328,	0
29849327,	0
29849326,	0
29849325,	0
29849324,	0
29849320,	0
29849314,	0
29849312,	0
29849375,	0
29849374,	112
29849373,	0
29849368,	0
29849366,	0
29849365,	0
