29852777,	0
29852776,	0
29852775,	0
29852774,	0
29852773,	0
29852772,	0
29852769,	0
29852768,	0
29852829,	0
29852828,	0
29852821,	0
29852820,	0
29852815,	196
29852814,	0
29852813,	0
29852812,	0
29852811,	0
29852810,	0
29852809,	0
29852808,	0
29852807,	0
29852806,	0
29852805,	0
29852804,	0
29852801,	0
29852800,	0
29852863,	0
29852862,	0
29852861,	0
29852860,	0
29852859,	0
29852858,	0
29852855,	0
29852854,	0
29852853,	0
29852852,	0
29852851,	0
29852850,	0
29852849,	0
29852848,	0
29852841,	0
29852840,	0
29852835,	0
29852834,	0
29852833,	0
29852832,	0
29852893,	0
29852892,	0
29852889,	0
29852888,	42
29852883,	0
29852882,	0
29852881,	0
29852880,	0
29852873,	0
29852872,	28
29852871,	0
29852870,	0
29852869,	0
29852868,	0
29852867,	0
29852866,	0
29852865,	0
29852864,	0
29852925,	0
29852924,	0
29852923,	0
29852922,	0
29852917,	0
29852916,	0
29852915,	0
29852914,	0
29852913,	0
29852912,	0
29852907,	0
29852906,	0
29852901,	0
29852900,	0
29852899,	0
29852898,	0
29852957,	0
29852956,	0
29852955,	0
29852954,	0
29852951,	0
29852950,	0
29852947,	0
29852946,	0
29852941,	0
29852940,	0
29852939,	0
29852938,	196
29852937,	0
29852936,	0
29852933,	0
29852932,	0
29852931,	0
29852930,	0
29852991,	0
29852990,	0
29852987,	0
29852986,	0
29852981,	0
29852980,	0
29852979,	0
29852978,	0
29852971,	0
29852970,	0
29852965,	0
29852964,	0
29852963,	0
29852962,	0
29853023,	0
29853022,	0
29853019,	0
29853018,	0
29853013,	28
29853012,	28
29853011,	0
29853010,	0
29853005,	0
29853004,	0
29852999,	0
29852998,	0
29852997,	0
29852996,	0
29852995,	0
29852994,	0
29852993,	0
29852992,	0
29853055,	0
29853054,	0
29853053,	0
29853052,	0
29853051,	0
29853050,	0
29853049,	0
29853048,	0
29853047,	0
29853046,	0
29853045,	0
29853044,	0
29853043,	0
29853042,	0
29853039,	0
29853038,	0
29853033,	0
29853032,	0
29853029,	0
29853028,	0
29853027,	0
29853026,	0
29853085,	0
29853084,	0
29853083,	0
29853082,	0
29853081,	0
29853080,	0
29853075,	0
29853074,	0
29853073,	0
29853072,	0
29853067,	0
