29853066,	0
29853063,	0
29853062,	126
29853061,	0
29853060,	0
29853119,	0
29853118,	0
29853117,	0
29853116,	196
29853115,	0
29853114,	0
29853113,	0
29853112,	0
29853111,	0
29853110,	0
29853109,	0
29853108,	0
29853107,	0
29853106,	0
29853105,	0
29853104,	14
29853103,	0
29853102,	0
29853101,	0
29853100,	0
29853097,	0
29853096,	0
29853091,	0
29853090,	0
29853149,	0
29853148,	0
29853147,	0
29853146,	0
29853145,	0
29853144,	0
29853135,	0
29853134,	0
29853133,	0
29853132,	0
29853131,	0
29853130,	0
29853183,	0
29853182,	0
29853181,	0
29853180,	0
29853177,	0
29853176,	0
29853175,	0
29853174,	0
29853167,	0
29853166,	0
29853165,	0
29853164,	0
29853161,	0
29853160,	0
29853155,	0
29853154,	0
29853213,	0
29853212,	0
29853211,	0
29853210,	196
29853209,	0
29853208,	0
29853205,	0
29853204,	0
29853199,	0
29853198,	0
29853197,	0
29853196,	0
29853195,	0
29853194,	0
29853193,	0
29853192,	0
29853185,	0
29853184,	0
29853247,	0
29853246,	0
29853245,	0
29853244,	0
29853243,	0
29853242,	0
29853241,	0
29853240,	0
29853235,	0
29853234,	0
29853227,	0
29853226,	0
29853225,	0
29853224,	0
29853309,	0
29853308,	0
29853307,	0
29853306,	0
29853305,	0
29853304,	0
29853301,	0
29853300,	196
29853299,	0
29853298,	0
29853295,	0
29853294,	0
29853293,	0
29853292,	0
29853291,	0
29853290,	0
29853289,	0
29853288,	0
29853283,	0
29853282,	0
29853343,	0
29853342,	0
29853341,	0
29853340,	0
29853329,	0
29853328,	0
29853327,	0
29853326,	0
29853325,	0
29853324,	188
29853319,	0
29853318,	0
29853317,	0
29853316,	0
29853313,	0
29853312,	0
29853375,	0
29853374,	0
29853371,	0
29853370,	0
29853369,	0
29853368,	0
29853367,	0
29853366,	0
29853357,	0
29853356,	0
29853355,	0
29853354,	0
29853353,	0
29853352,	0
29853351,	0
29853350,	0
29853349,	0
29853348,	0
29853347,	0
29853346,	0
29853407,	0
29853406,	0
29853405,	0
29853404,	0
29853401,	0
29853400,	0
29853399,	0
29853398,	0
29853395,	0
29853394,	0
29853393,	0
29853392,	0
29853389,	0
29853388,	0
29853383,	0
29853382,	0
29853377,	0
29853376,	0
29853439,	0
