29856995,	0
29856994,	0
29856993,	0
29856992,	0
29857047,	0
29857046,	0
29857043,	0
29857042,	0
29857041,	0
29857040,	0
29857037,	0
29857036,	0
29857035,	0
29857034,	0
29857033,	0
29857032,	0
29857031,	0
29857030,	0
29857027,	112
29857026,	0
29857087,	0
29857086,	0
29857079,	0
29857078,	0
29857071,	0
29857070,	0
29857061,	0
29857060,	0
29857059,	0
29857058,	0
29857057,	0
29857056,	0
29857119,	0
29857118,	0
29857113,	0
29857112,	0
29857111,	0
29857110,	0
29857107,	0
29857106,	0
29857103,	0
29857102,	0
29857095,	0
29857094,	0
29857089,	0
29857088,	0
29857151,	0
29857150,	0
29857143,	0
29857142,	0
29857141,	0
29857140,	0
29857139,	0
29857138,	0
29857137,	0
29857136,	0
29857135,	0
29857134,	0
29857131,	0
29857130,	0
29857183,	0
29857182,	0
29857181,	0
29857180,	0
29857175,	0
29857174,	0
29857171,	0
29857170,	0
29857169,	0
29857168,	14
29857167,	0
29857166,	0
29857159,	0
29857158,	0
29857157,	0
29857156,	0
29857153,	0
29857152,	0
29857213,	14
29857212,	14
29857207,	0
29857206,	0
29857201,	0
29857200,	0
29857199,	0
29857198,	0
29857195,	0
29857194,	0
29857191,	0
29857190,	0
29857185,	0
29857184,	0
29857247,	0
29857246,	0
29857245,	0
29857244,	0
29857239,	0
29857238,	0
29857237,	0
29857236,	0
29857231,	0
29857230,	0
29857229,	0
29857228,	0
29857225,	0
29857224,	0
29857223,	0
29857222,	0
29857217,	0
29857216,	0
29857277,	0
29857276,	0
29857273,	0
29857272,	0
29857271,	0
29857270,	0
29857265,	0
29857264,	0
29857263,	0
29857262,	0
29857261,	196
29857260,	0
29857257,	0
29857256,	0
29857255,	0
29857254,	0
29857251,	0
29857250,	56
29857309,	0
29857308,	0
29857303,	0
29857302,	0
29857299,	0
29857298,	0
29857297,	0
29857296,	0
29857295,	0
29857294,	164
29857293,	0
29857292,	0
29857291,	0
29857290,	0
29857287,	0
29857286,	0
29857283,	0
29857282,	0
29857281,	0
29857280,	0
29857343,	0
29857342,	196
29857341,	0
29857340,	0
29857335,	0
29857334,	0
29857331,	0
29857330,	0
29857325,	0
29857324,	0
29857323,	0
29857322,	0
29857319,	0
29857318,	0
29857313,	0
