29857714,	0
29857713,	0
29857712,	0
29857709,	0
29857708,	0
29857699,	0
29857698,	0
29857697,	0
29857696,	0
29857757,	0
29857756,	0
29857753,	0
29857752,	0
29857747,	0
29857746,	0
29857745,	0
29857744,	0
29857741,	180
29857740,	180
29857737,	0
29857736,	0
29857733,	0
29857732,	0
29857729,	0
29857728,	0
29857791,	0
29857790,	0
29857789,	0
29857788,	0
29857785,	0
29857784,	0
29857781,	0
29857780,	0
29857779,	0
29857778,	0
29857775,	0
29857774,	0
29857771,	0
29857770,	196
29857769,	0
29857768,	0
29857767,	0
29857766,	0
29857765,	0
29857764,	0
29857763,	0
29857762,	0
29857823,	0
29857822,	0
29857821,	0
29857820,	0
29857817,	0
29857816,	0
29857813,	0
29857812,	0
29857811,	0
29857810,	0
29857809,	0
29857808,	0
29857807,	0
29857806,	0
29857805,	0
29857804,	0
29857799,	0
29857798,	0
29857797,	0
29857796,	0
29857853,	0
29857852,	0
29857851,	0
29857850,	0
29857849,	196
29857848,	196
29857845,	0
29857844,	0
29857841,	0
29857840,	0
29857839,	0
29857838,	0
29857837,	0
29857836,	0
29857835,	0
29857834,	0
29857833,	0
29857832,	0
29857831,	0
29857830,	0
29857829,	0
29857828,	0
29857827,	0
29857826,	0
29857825,	0
29857824,	54
