29861667,	0
29861666,	0
29861665,	0
29861664,	0
29861727,	0
29861725,	0
29861723,	0
29861722,	0
29861721,	0
29861720,	0
29861719,	195
29861717,	0
29861715,	0
29861714,	0
29861713,	0
29861711,	0
29861710,	0
29861709,	0
29861708,	0
29861705,	0
29861703,	0
29861699,	0
29861697,	0
29861696,	0
29861757,	196
29861756,	0
29861753,	0
29861751,	0
29861747,	0
29861743,	0
29861742,	0
29861741,	0
29861740,	0
29861739,	0
29861737,	0
29861736,	0
29861735,	0
29861732,	0
29861730,	0
29861791,	0
29861790,	0
29861788,	196
29861787,	0
29861786,	0
29861784,	0
29861783,	194
29861781,	0
29861776,	0
29861775,	0
29861772,	0
29861769,	0
29861767,	0
29861764,	0
29861763,	196
29861762,	0
29861761,	0
29861760,	0
29861823,	0
29861821,	0
29861820,	0
29861819,	0
29861818,	0
29861815,	0
29861812,	0
29861811,	0
29861810,	0
29861808,	0
29861805,	0
29861804,	0
29861801,	0
29861799,	0
29861794,	0
29861792,	0
29861855,	0
29861853,	196
29861852,	0
29861849,	0
29861848,	0
29861847,	0
29861845,	0
29861842,	0
29861840,	0
29861839,	0
29861837,	0
29861836,	180
29861832,	0
29861828,	0
29861825,	0
29861824,	0
29861887,	180
29861886,	0
29861885,	0
29861884,	0
29861883,	0
29861882,	0
29861881,	0
29861880,	0
29861879,	0
29861877,	0
29861876,	0
29861874,	0
29861871,	0
29861870,	0
29861869,	0
29861867,	0
29861866,	196
29861865,	0
29861864,	0
29861862,	0
29861860,	0
29861859,	0
29861858,	0
29861857,	0
29861918,	0
29861917,	0
29861916,	0
29861915,	0
29861913,	0
29861912,	0
29861908,	0
29861906,	0
29861905,	0
29861904,	0
29861903,	0
29861902,	0
29861901,	0
29861900,	0
29861897,	0
29861895,	0
29861894,	0
29861892,	0
29861889,	0
29861951,	0
29861949,	0
29861948,	0
29861946,	0
29861945,	0
29861944,	0
29861943,	0
29861941,	0
29861940,	0
29861936,	0
29861935,	0
29861934,	0
29861933,	0
29861932,	0
29861931,	0
29861930,	0
29861929,	53
29861928,	54
29861927,	54
29861926,	54
29861924,	54
29861923,	54
29861922,	54
29861921,	54
29861920,	54
29861983,	54
29861981,	54
29861980,	54
29861978,	54
29861977,	54
29861975,	54
29861973,	54
