29865606,	0
29865605,	0
29865601,	56
29865663,	0
29865662,	0
29865659,	0
29865658,	0
29865657,	0
29865655,	56
29865650,	0
29865646,	0
29865645,	0
29865643,	0
29865641,	0
29865639,	0
29865637,	0
29865635,	0
29865695,	0
29865693,	0
29865692,	196
29865690,	0
29865689,	0
29865687,	0
29865683,	0
29865681,	0
29865680,	0
29865677,	0
29865676,	0
29865671,	0
29865666,	0
29865665,	0
29865727,	0
29865726,	0
29865724,	0
29865722,	0
29865721,	0
29865720,	0
29865719,	0
29865718,	0
29865715,	0
29865714,	0
29865713,	0
29865712,	0
29865711,	0
29865710,	0
29865709,	0
29865706,	0
29865705,	0
29865704,	0
29865702,	0
29865700,	0
29865699,	0
29865697,	0
29865759,	0
29865756,	0
29865754,	0
29865753,	0
29865751,	0
29865750,	0
29865749,	0
29865745,	0
29865743,	0
29865742,	0
29865741,	0
29865740,	0
29865739,	0
29865738,	0
29865737,	0
29865731,	0
29865730,	0
29865729,	0
29865791,	0
29865790,	0
29865789,	0
29865788,	0
29865786,	0
29865785,	0
29865784,	0
29865781,	0
29865775,	0
29865774,	0
29865773,	0
29865771,	0
29865770,	0
29865769,	0
29865768,	0
29865763,	0
29865762,	0
29865761,	0
29865760,	0
29865823,	0
29865821,	0
29865819,	0
29865818,	0
29865817,	0
29865816,	0
29865815,	0
29865813,	0
29865811,	0
29865810,	0
29865809,	0
29865807,	0
29865806,	0
29865805,	0
29865804,	0
29865801,	0
29865799,	0
29865795,	0
29865793,	0
29865792,	0
29865853,	196
29865849,	0
29865847,	0
29865843,	0
29865839,	0
29865838,	0
29865837,	0
29865836,	0
29865835,	0
29865833,	0
29865832,	0
29865831,	0
29865828,	0
29865826,	0
29865887,	0
29865886,	0
29865884,	0
29865883,	0
29865882,	0
29865880,	96
29865879,	0
29865877,	0
29865872,	0
29865871,	0
29865868,	0
29865865,	0
29865863,	0
29865860,	0
29865859,	0
29865858,	0
29865857,	0
29865856,	0
29865919,	0
29865917,	0
29865916,	0
29865915,	0
29865914,	0
29865911,	0
29865908,	0
29865907,	0
29865906,	0
29865904,	0
29865901,	0
29865900,	0
29865897,	0
29865895,	0
29865890,	0
29865888,	0
29865951,	0
29865949,	0
29865948,	0
29865945,	196
29865944,	0
