29873814,	0
29873812,	0
29873810,	0
29873809,	0
29873807,	0
29873806,	0
29873805,	0
29873804,	0
29873799,	0
29873798,	0
29873797,	0
29873793,	56
29873855,	0
29873854,	0
29873851,	0
29873850,	0
29873849,	0
29873847,	0
29873842,	0
29873838,	0
29873837,	0
29873835,	0
29873833,	0
29873831,	0
29873829,	0
29873827,	0
29873887,	0
29873885,	0
29873884,	0
29873882,	0
29873881,	0
29873879,	0
29873875,	0
29873873,	0
29873872,	0
29873869,	0
29873868,	0
29873863,	0
29873858,	0
29873857,	0
29873919,	0
29873918,	0
29873916,	0
29873914,	0
29873913,	0
29873912,	0
29873911,	0
29873910,	0
29873907,	0
29873906,	0
29873905,	0
29873904,	0
29873903,	0
29873902,	0
29873901,	0
29873898,	0
29873897,	0
29873896,	0
29873894,	0
29873892,	0
29873891,	0
29873889,	0
29873951,	112
29873948,	0
29873946,	0
29873945,	0
29873943,	0
29873942,	0
29873941,	0
29873937,	0
29873935,	0
29873934,	0
29873933,	0
29873932,	0
29873931,	0
29873930,	0
29873929,	0
29873923,	0
29873922,	0
29873921,	0
29873983,	0
29873982,	0
29873981,	0
29873980,	0
29873978,	0
29873977,	0
29873976,	0
29873973,	0
29873967,	0
29873966,	0
29873965,	0
29873963,	0
29873962,	0
29873961,	0
29873960,	0
29873955,	182
29873954,	0
29873953,	0
29873952,	0
29874015,	0
29874013,	0
29874011,	0
29874010,	0
29874009,	0
29874008,	0
29874007,	0
29874005,	0
29874003,	0
29874002,	0
29874001,	0
29873999,	0
29873998,	0
29873997,	0
29873996,	0
29873993,	0
29873991,	0
29873987,	0
29873985,	0
29873984,	0
29874045,	0
29874044,	0
29874041,	0
29874039,	0
29874035,	0
29874031,	0
29874030,	0
29874029,	0
29874028,	0
29874027,	0
29874025,	0
29874024,	0
29874023,	0
29874020,	0
29874018,	0
29874079,	0
29874078,	0
29874076,	0
29874075,	0
29874074,	0
29874072,	0
29874071,	0
29874069,	0
29874064,	0
29874063,	0
29874060,	0
29874057,	0
29874055,	0
29874052,	0
29874051,	196
29874050,	0
29874049,	0
29874048,	0
29874111,	0
29874109,	0
29874108,	0
29874107,	0
29874106,	0
29874103,	0
29874100,	0
29874099,	0
29874098,	0
29874096,	0
29874093,	0
