29893466,	0
29893465,	0
29893464,	0
29893463,	0
29893462,	0
29893460,	0
29893458,	0
29893457,	0
29893456,	0
29893455,	0
29893454,	0
29893452,	0
29893450,	0
29893449,	0
29893448,	0
29893447,	0
29893446,	0
29893445,	0
29893444,	0
29893443,	0
29893442,	0
29893441,	0
29893440,	0
29893503,	0
29893502,	0
29893501,	0
29893500,	0
29893499,	0
29893497,	0
29893496,	0
29893495,	0
29893494,	0
29893493,	0
29893492,	0
29893491,	0
29893490,	0
29893489,	0
29893488,	0
29893487,	0
29893486,	0
29893485,	0
29893483,	0
29893482,	0
29893481,	0
29893480,	0
29893479,	0
29893478,	0
29893477,	0
29893476,	0
29893475,	0
29893474,	0
29893473,	0
29893472,	0
29893534,	0
29893532,	0
29893531,	0
29893529,	0
29893527,	0
29893526,	0
29893525,	0
29893520,	0
29893518,	0
29893516,	0
29893515,	0
29893512,	0
29893510,	0
29893507,	196
29893566,	0
29893561,	0
29893558,	0
29893553,	0
29893550,	0
29893548,	0
29893547,	0
29893544,	0
29893542,	0
29893539,	0
29893538,	0
29893537,	0
29893536,	0
29893598,	0
29893593,	0
29893591,	0
29893590,	0
29893587,	0
29893583,	0
29893582,	0
29893574,	0
29893630,	0
29893626,	0
29893625,	0
29893622,	0
29893619,	0
29893614,	0
29893611,	0
29893608,	0
29893606,	0
29893602,	0
29893662,	0
29893661,	0
29893660,	0
29893659,	0
29893658,	0
29893657,	0
29893656,	0
29893653,	0
29893652,	0
29893651,	0
29893650,	0
29893648,	0
29893645,	0
29893644,	0
29893643,	0
29893642,	0
29893640,	0
29893637,	0
29893636,	0
29893635,	0
29893634,	0
29893632,	0
29893694,	0
29893693,	0
29893691,	0
29893690,	0
29893689,	0
29893688,	0
29893686,	0
29893685,	0
29893683,	0
29893682,	0
29893681,	0
29893680,	0
29893677,	0
29893675,	0
29893674,	0
29893673,	0
29893672,	0
29893669,	0
29893667,	0
29893666,	0
29893665,	0
29893664,	0
29893727,	0
29893726,	0
29893725,	0
29893724,	0
29893723,	0
29893722,	0
29893721,	0
29893720,	0
29893719,	0
29893718,	140
29893717,	0
29893716,	0
29893715,	0
29893714,	0
29893712,	0
29893711,	0
29893710,	0
29893709,	0
29893708,	0
29893707,	0
29893706,	0
