29898167,	0
29898166,	0
29898163,	0
29898161,	0
29898158,	0
29898156,	0
29898155,	0
29898154,	0
29898153,	0
29898152,	0
29898147,	0
29898146,	0
29898144,	0
29898207,	0
29898204,	0
29898202,	56
29898200,	0
29898199,	196
29898198,	0
29898196,	0
29898195,	0
29898191,	0
29898190,	0
29898189,	126
29898188,	0
29898178,	0
29898176,	0
29898236,	0
29898233,	0
29898230,	0
29898229,	0
29898227,	70
29898224,	0
29898222,	0
29898220,	0
29898219,	0
29898218,	0
29898216,	42
29898212,	0
29898211,	0
29898210,	0
29898208,	0
29898271,	0
29898269,	0
29898268,	0
29898267,	0
29898264,	0
29898263,	196
29898262,	0
29898261,	0
29898260,	196
29898259,	0
29898258,	0
29898255,	0
29898254,	0
29898253,	0
29898252,	0
29898251,	0
29898248,	0
29898246,	0
29898242,	0
29898240,	0
29898303,	0
29898300,	0
29898295,	0
29898294,	0
29898293,	0
29898291,	0
29898286,	0
29898285,	0
29898283,	196
29898282,	0
29898281,	0
29898280,	0
29898279,	0
29898277,	0
29898276,	0
29898275,	0
29898274,	0
29898273,	0
29898272,	0
29898367,	0
29898366,	0
29898364,	0
29898363,	0
29898362,	0
29898361,	0
29898360,	0
29898359,	196
29898358,	0
29898357,	0
29898356,	196
29898355,	0
29898354,	0
29898350,	0
29898349,	0
29898348,	0
29898347,	0
29898342,	0
29898338,	0
29898398,	0
29898396,	0
29898395,	0
29898394,	0
29898392,	0
29898391,	0
29898390,	0
29898384,	0
29898382,	0
29898380,	0
29898379,	196
29898378,	0
29898377,	0
29898376,	196
29898374,	0
29898372,	0
29898371,	0
29898370,	0
29898369,	0
29898368,	0
29898431,	0
29898429,	0
29898428,	0
29898427,	0
29898426,	0
29898425,	196
29898424,	0
29898423,	196
29898422,	0
29898421,	0
29898420,	196
29898419,	0
29898418,	0
29898416,	0
29898415,	0
29898414,	0
29898413,	0
29898411,	0
29898410,	0
29898408,	0
29898407,	0
29898406,	0
29898405,	0
29898404,	0
29898403,	0
29898463,	0
29898461,	0
29898460,	0
29898459,	0
29898458,	0
29898457,	0
29898456,	0
29898453,	0
29898451,	0
29898450,	0
29898448,	0
29898445,	0
29898444,	0
29898443,	196
29898442,	0
29898441,	0
29898440,	0
29898439,	0
