29902043,	0
29902042,	0
29902041,	0
29902040,	0
29902039,	0
29902038,	0
29902037,	0
29902036,	0
29902035,	0
29902034,	0
29902032,	0
29902031,	0
29902029,	0
29902023,	0
29902022,	0
29902019,	0
29902018,	0
29902017,	0
29902078,	0
29902077,	0
29902075,	0
29902071,	0
29902070,	0
29902068,	0
29902066,	0
29902065,	0
29902063,	0
29902061,	0
29902060,	0
29902058,	0
29902057,	0
29902055,	0
29902053,	0
29902052,	0
29902051,	0
29902050,	0
29902049,	0
29902048,	0
29902110,	0
29902109,	0
29902107,	0
29902105,	0
29902104,	0
29902103,	0
29902102,	0
29902101,	0
29902100,	0
29902099,	0
29902098,	0
29902095,	0
29902094,	0
29902092,	0
29902091,	0
29902089,	0
29902082,	0
29902081,	0
29902141,	0
29902139,	0
29902135,	0
29902133,	0
29902132,	0
29902131,	0
29902130,	0
29902129,	0
29902128,	0
29902127,	0
29902125,	0
29902123,	0
29902122,	0
29902121,	0
29902118,	0
29902117,	0
29902116,	0
29902115,	0
29902114,	0
29902113,	0
29902112,	0
29902175,	0
29902174,	0
29902173,	0
29902171,	0
29902169,	0
29902168,	0
29902167,	0
29902166,	0
29902165,	0
29902164,	0
29902162,	0
29902159,	0
29902157,	0
29902156,	0
29902154,	0
29902205,	0
29902203,	0
29902200,	0
29902199,	196
29902198,	0
29902194,	0
29902193,	0
29902191,	0
29902189,	0
29902187,	0
29902186,	0
29902185,	0
29902181,	0
29902179,	0
29902178,	0
29902177,	0
29902239,	0
29902238,	0
29902237,	0
29902235,	0
29902233,	0
29902232,	0
29902231,	0
29902230,	0
29902229,	0
29902228,	0
29902226,	0
29902223,	0
29902222,	0
29902221,	0
29902220,	0
29902218,	0
29902209,	0
29902269,	0
29902267,	0
29902264,	0
29902263,	0
29902262,	0
29902258,	0
29902256,	0
29902255,	0
29902253,	0
29902251,	0
29902250,	0
29902249,	0
29902248,	0
29902243,	0
29902242,	0
29902241,	0
29902302,	0
29902301,	0
29902299,	0
29902297,	14
29902295,	0
29902294,	196
29902293,	196
29902290,	0
29902287,	0
29902286,	0
29902285,	0
29902284,	0
29902275,	14
29902273,	42
29902333,	0
29902328,	0
29902327,	0
29902324,	0
29902322,	0
29902321,	0
29902319,	0
29902317,	0
29902315,	0
