29910111,	0
29910110,	0
29910109,	0
29910108,	0
29910107,	0
29910106,	0
29910105,	0
29910104,	0
29910103,	140
29910102,	0
29910101,	0
29910100,	0
29910099,	0
29910098,	0
29910097,	0
29910095,	0
29910094,	0
29910093,	0
29910092,	0
29910091,	0
29910090,	0
29910089,	0
29910084,	0
29910083,	0
29910082,	0
29910081,	0
29910141,	0
29910139,	0
29910138,	0
29910137,	0
29910136,	0
29910135,	0
29910134,	0
29910132,	0
29910130,	0
29910129,	0
29910128,	0
29910127,	0
29910125,	0
29910123,	0
29910122,	0
29910121,	0
29910120,	0
29910117,	0
29910115,	0
29910114,	0
29910113,	0
29910112,	0
29910175,	14
29910174,	0
29910173,	0
29910172,	0
29910171,	0
29910170,	0
29910169,	0
29910168,	0
29910167,	42
29910166,	0
29910165,	0
29910164,	0
29910163,	56
29910162,	0
29910159,	28
29910156,	0
29910153,	0
29910151,	0
29910149,	112
29910146,	0
29910206,	28
29910205,	0
29910203,	0
29910202,	14
29910200,	0
29910199,	0
29910198,	0
29910196,	0
29910194,	0
29910191,	0
29910189,	0
29910188,	0
29910187,	0
29910186,	0
29910183,	0
29910182,	0
29910181,	0
29910179,	0
29910178,	0
29910177,	0
29910176,	0
29910238,	0
29910237,	0
29910236,	0
29910235,	0
29910234,	0
29910233,	0
29910232,	0
29910231,	0
29910230,	0
29910229,	0
29910228,	0
29910227,	0
29910226,	0
29910224,	0
29910223,	0
29910221,	0
29910215,	0
29910214,	0
29910211,	0
29910210,	0
29910209,	0
29910270,	0
29910269,	0
29910267,	0
29910263,	0
29910262,	0
29910260,	0
29910258,	0
29910257,	0
29910255,	0
29910253,	0
29910252,	0
29910250,	0
29910249,	0
29910247,	0
29910245,	0
29910244,	0
29910243,	0
29910242,	0
29910241,	0
29910240,	0
29910302,	0
29910301,	0
29910299,	0
29910297,	0
29910296,	0
29910295,	0
29910294,	0
29910293,	0
29910292,	0
29910291,	0
29910290,	0
29910287,	0
29910286,	0
29910284,	0
29910283,	0
29910281,	0
29910274,	0
29910273,	0
29910333,	0
29910331,	0
29910327,	0
29910325,	0
29910324,	0
29910323,	0
29910322,	0
29910321,	0
29910320,	0
29910319,	0
29910317,	0
29910315,	0
29910314,	0
29910313,	0
29910310,	0
