29910673,	0
29910671,	0
29910669,	0
29910667,	0
29910666,	0
29910665,	0
29910664,	0
29910663,	0
29910661,	0
29910659,	0
29910658,	0
29910657,	0
29910656,	0
29910718,	0
29910717,	0
29910716,	0
29910715,	0
29910714,	0
29910713,	0
29910712,	196
29910711,	0
29910710,	0
29910709,	0
29910708,	0
29910707,	0
29910706,	0
29910705,	0
29910703,	0
29910702,	0
29910700,	0
29910699,	0
29910698,	0
29910697,	0
29910695,	0
29910694,	0
29910693,	0
29910692,	0
29910690,	0
29910750,	0
29910749,	0
29910748,	0
29910747,	0
29910746,	0
29910745,	0
29910744,	0
29910740,	0
29910739,	0
29910738,	0
29910737,	0
29910733,	0
29910732,	0
29910731,	0
29910730,	0
29910729,	0
29910728,	0
29910726,	0
29910725,	0
29910724,	0
29910723,	0
29910722,	0
29910721,	0
29910720,	0
29910783,	0
29910782,	0
29910781,	0
29910780,	0
29910778,	0
29910777,	0
29910776,	0
29910774,	0
29910773,	0
29910772,	0
29910771,	0
29910770,	0
29910769,	0
29910768,	0
29910767,	0
29910765,	0
29910764,	0
29910763,	0
29910762,	0
29910761,	0
29910759,	0
29910758,	0
29910757,	0
29910756,	0
29910755,	0
29910754,	0
29910752,	0
29910815,	0
29910814,	0
29910813,	0
29910812,	0
29910810,	0
29910809,	0
29910808,	0
29910807,	0
29910806,	0
29910805,	0
29910804,	0
29910803,	0
29910802,	56
29910801,	0
29910800,	0
29910798,	0
29910797,	0
29910796,	0
29910795,	0
29910794,	0
29910793,	0
29910792,	0
29910791,	0
29910790,	0
29910789,	0
29910788,	0
29910787,	0
29910786,	0
29910785,	0
29910784,	0
29910847,	0
29910844,	0
29910843,	0
29910842,	0
29910840,	0
29910838,	0
29910837,	0
29910835,	0
29910834,	0
29910833,	0
29910831,	0
29910830,	0
29910829,	0
29910828,	0
29910827,	0
29910826,	0
29910825,	0
29910823,	0
29910820,	0
29910819,	0
29910818,	0
29910817,	0
29910879,	0
29910875,	0
29910874,	0
29910873,	0
29910870,	0
29910866,	0
29910865,	0
29910861,	0
29910859,	0
29910858,	0
29910857,	0
29910855,	0
29910853,	0
29910851,	0
29910850,	0
29910849,	0
29910848,	0
29910911,	0
29910909,	0
29910908,	0
29910907,	0
29910906,	0
