29910904,	196
29910902,	0
29910901,	0
29910899,	0
29910898,	0
29910897,	0
29910895,	0
29910894,	0
29910893,	0
29910892,	0
29910891,	0
29910890,	0
29910889,	0
29910887,	0
29910885,	0
29910884,	0
29910883,	0
29910882,	0
29910881,	0
29910943,	0
29910941,	0
29910940,	0
29910939,	0
29910937,	0
29910936,	0
29910934,	0
29910931,	0
29910930,	0
29910929,	0
29910924,	0
29910923,	0
29910922,	0
29910921,	0
29910919,	0
29910917,	0
29910916,	196
29910915,	0
29910914,	0
29910913,	0
29910912,	0
29910975,	0
29910971,	0
29910969,	0
29910968,	0
29910966,	0
29910965,	0
29910964,	0
29910962,	0
29910959,	0
29910958,	0
29910954,	0
29910951,	0
29910947,	0
29911005,	0
29911003,	0
29910996,	0
29910994,	0
29910993,	0
29910989,	0
29910987,	0
29910986,	0
29910985,	0
29910984,	0
29910981,	0
29910979,	0
29910976,	0
29911039,	0
29911038,	0
29911037,	0
29911036,	0
29911035,	0
29911034,	0
29911033,	0
29911032,	0
29911031,	0
29911030,	0
29911029,	0
29911028,	0
29911027,	0
29911026,	0
29911025,	0
29911022,	0
29911021,	0
29911020,	0
29911019,	0
29911018,	196
29911017,	0
29911014,	0
29911013,	0
29911012,	0
29911011,	0
29911010,	0
29911009,	0
29911071,	0
29911070,	0
29911069,	0
29911068,	0
29911067,	0
29911066,	0
29911065,	0
29911064,	0
29911062,	0
29911061,	0
29911060,	0
29911059,	0
29911058,	0
29911057,	0
29911055,	0
29911054,	0
29911053,	0
29911052,	0
29911051,	0
29911050,	0
29911049,	0
29911047,	0
29911046,	0
29911045,	0
29911044,	0
29911043,	0
29911042,	0
29911041,	0
29911040,	0
29911103,	0
29911102,	0
29911101,	0
29911100,	0
29911099,	0
29911098,	0
29911097,	0
29911096,	0
29911095,	0
29911094,	0
29911093,	0
29911092,	0
29911091,	0
29911090,	0
29911089,	0
29911088,	0
29911087,	54
29911086,	0
29911085,	0
29911084,	0
29911083,	0
29911082,	0
29911081,	0
29911079,	0
29911078,	0
29911077,	0
29911076,	0
29911075,	0
29911074,	0
29911073,	0
29911135,	0
29911134,	0
29911133,	0
29911132,	0
29911131,	0
29911130,	0
29911129,	0
29911128,	0
29911127,	0
29911126,	0
29911125,	0
29911124,	0
