29913928,	0
29913927,	0
29913926,	0
29913925,	0
29913924,	0
29913923,	0
29913922,	0
29913921,	0
29913920,	0
29913983,	0
29913982,	0
29913981,	0
29913980,	0
29913978,	0
29913977,	0
29913976,	0
29913975,	0
29913974,	0
29913973,	0
29913972,	0
29913971,	0
29913970,	0
29913969,	0
29913968,	0
29913967,	0
29913966,	0
29913964,	0
29913963,	0
29913962,	0
29913961,	0
29913960,	0
29913959,	0
29913958,	0
29913957,	0
29913956,	0
29913955,	0
29913954,	0
29913953,	0
29913952,	0
29914015,	0
29914013,	0
29914010,	0
29914008,	0
29914007,	0
29914006,	0
29914004,	0
29914001,	0
29913999,	0
29913997,	0
29913994,	0
29913993,	0
29913991,	0
29913986,	0
29914047,	0
29914040,	0
29914039,	0
29914032,	0
29914031,	0
29914029,	0
29914026,	0
29914025,	0
29914023,	0
29914019,	0
29914018,	0
29914017,	0
29914016,	0
29914079,	0
29914072,	0
29914071,	60
29914070,	0
29914066,	0
29914063,	42
29914062,	0
29914055,	0
29914111,	0
29914107,	0
29914104,	0
29914103,	0
29914098,	0
29914095,	0
29914090,	0
29914089,	0
29914087,	0
29914083,	0
29914143,	0
29914141,	0
29914140,	0
29914139,	0
29914138,	0
29914137,	0
29914136,	0
29914133,	0
29914132,	0
29914131,	0
29914130,	0
29914129,	0
29914125,	0
29914124,	0
29914123,	0
29914122,	0
29914121,	0
29914117,	0
29914116,	0
29914115,	0
29914114,	0
29914113,	0
29914175,	0
29914172,	0
29914171,	0
29914170,	0
29914169,	0
29914168,	0
29914167,	0
29914164,	0
29914163,	0
29914162,	0
29914161,	0
29914160,	0
29914156,	0
29914155,	0
29914154,	0
29914153,	0
29914152,	0
29914148,	0
29914147,	0
29914146,	0
29914145,	0
29914144,	0
29914207,	0
29914206,	0
29914205,	0
29914204,	0
29914203,	0
29914202,	0
29914201,	0
29914200,	0
29914199,	0
29914198,	0
29914197,	0
29914196,	0
29914195,	0
29914194,	0
29914193,	0
29914191,	0
29914190,	0
29914189,	0
29914188,	0
29914187,	0
29914186,	0
29914185,	0
29914180,	0
29914179,	0
29914178,	0
29914177,	0
29914237,	0
29914235,	0
29914234,	0
29914233,	0
29914232,	0
29914231,	0
29914230,	0
29914228,	0
29914226,	0
