29918394,	14
29918392,	0
29918391,	0
29918390,	0
29918388,	0
29918386,	0
29918383,	0
29918381,	0
29918380,	0
29918379,	0
29918378,	0
29918375,	0
29918374,	0
29918373,	0
29918371,	0
29918370,	0
29918369,	0
29918368,	0
29918430,	0
29918429,	0
29918428,	0
29918427,	0
29918426,	0
29918425,	0
29918424,	0
29918423,	0
29918422,	0
29918421,	0
29918420,	0
29918419,	0
29918418,	0
29918416,	0
29918415,	0
29918413,	0
29918407,	0
29918406,	0
29918403,	0
29918402,	0
29918401,	0
29918462,	0
29918461,	0
29918459,	0
29918455,	0
29918454,	0
29918452,	0
29918450,	0
29918449,	0
29918447,	0
29918445,	0
29918444,	0
29918442,	0
29918441,	0
29918439,	0
29918437,	0
29918436,	0
29918435,	0
29918434,	0
29918433,	0
29918432,	0
29918494,	0
29918493,	0
29918491,	0
29918489,	0
29918488,	0
29918487,	0
29918486,	0
29918485,	0
29918484,	0
29918483,	0
29918482,	0
29918479,	0
29918478,	0
29918476,	0
29918475,	0
29918473,	0
29918466,	0
29918465,	0
29918525,	0
29918523,	0
29918519,	0
29918517,	0
29918516,	0
29918515,	0
29918514,	0
29918513,	0
29918512,	0
29918511,	0
29918509,	0
29918507,	0
29918506,	0
29918505,	0
29918502,	0
29918501,	0
29918500,	0
29918499,	0
29918498,	0
29918497,	0
29918496,	0
29918559,	0
29918558,	0
29918557,	0
29918555,	0
29918553,	0
29918552,	0
29918551,	0
29918550,	0
29918549,	0
29918548,	0
29918546,	0
29918543,	0
29918541,	0
29918540,	0
29918538,	0
29918589,	0
29918587,	0
29918584,	0
29918583,	0
29918582,	0
29918578,	0
29918577,	0
29918575,	0
29918573,	0
29918571,	0
29918570,	0
29918569,	0
29918565,	0
29918563,	0
29918562,	0
29918561,	0
29918623,	0
29918622,	0
29918621,	0
29918619,	0
29918617,	0
29918616,	0
29918615,	0
29918614,	0
29918613,	0
29918612,	0
29918610,	0
29918607,	0
29918606,	0
29918605,	0
29918604,	0
29918602,	0
29918593,	0
29918653,	0
29918651,	0
29918648,	0
29918647,	0
29918646,	0
29918642,	0
29918640,	0
29918639,	0
29918637,	0
29918635,	0
29918634,	0
29918633,	0
29918632,	0
29918627,	0
29918626,	0
29918625,	0
29918686,	0
