29918685,	0
29918683,	0
29918681,	14
29918679,	0
29918678,	0
29918677,	0
29918674,	0
29918671,	0
29918670,	0
29918669,	0
29918668,	0
29918659,	0
29918657,	0
29918717,	0
29918712,	0
29918711,	0
29918708,	0
29918706,	70
29918705,	0
29918703,	0
29918701,	0
29918699,	0
29918698,	0
29918697,	0
29918693,	0
29918691,	0
29918690,	0
29918689,	0
29918750,	0
29918749,	0
29918748,	0
29918746,	0
29918745,	0
29918743,	0
29918742,	0
29918741,	0
29918740,	0
29918739,	0
29918738,	0
29918735,	0
29918734,	0
29918733,	0
29918732,	0
29918730,	0
29918729,	0
29918727,	0
29918723,	0
29918721,	0
29918782,	0
29918781,	0
29918775,	0
29918774,	0
29918772,	0
29918770,	0
29918767,	0
29918764,	0
29918763,	0
29918762,	0
29918761,	0
29918760,	0
29918758,	0
29918757,	0
29918756,	0
29918755,	0
29918754,	0
29918753,	0
29918752,	0
29918847,	0
29918846,	0
29918845,	0
29918843,	0
29918842,	0
29918841,	0
29918840,	0
29918839,	0
29918838,	0
29918837,	0
29918836,	0
29918835,	0
29918834,	0
29918831,	0
29918829,	0
29918828,	0
29918826,	0
29918823,	0
29918819,	0
29918879,	0
29918877,	0
29918875,	0
29918874,	0
29918873,	0
29918871,	0
29918870,	0
29918865,	0
29918863,	0
29918861,	0
29918859,	0
29918858,	0
29918857,	0
29918856,	0
29918855,	0
29918853,	0
29918851,	0
29918850,	0
29918849,	0
29918848,	0
29918910,	0
29918909,	0
29918908,	0
29918907,	0
29918906,	0
29918905,	0
29918904,	196
29918903,	0
29918902,	0
29918901,	0
29918900,	0
29918899,	0
29918898,	0
29918897,	0
29918895,	0
29918894,	0
29918892,	0
29918891,	0
29918890,	0
29918889,	0
29918887,	0
29918886,	0
29918885,	0
29918884,	0
29918882,	0
29918942,	0
29918941,	0
29918940,	0
29918939,	0
29918938,	0
29918937,	0
29918936,	0
29918932,	0
29918931,	0
29918930,	0
29918929,	0
29918925,	0
29918924,	0
29918923,	0
29918922,	0
29918921,	0
29918920,	0
29918918,	0
29918917,	0
29918916,	0
29918915,	0
29918914,	0
29918913,	0
29918912,	0
29918975,	0
29918974,	0
29918973,	0
29918972,	0
29918970,	0
29918969,	0
29918968,	0
29918966,	0
29918965,	0
