29921991,	0
29921990,	0
29921989,	0
29921988,	0
29921987,	0
29921986,	0
29921985,	0
29922046,	0
29922045,	0
29922044,	0
29922043,	0
29922042,	0
29922041,	0
29922040,	0
29922038,	0
29922037,	0
29922036,	0
29922035,	0
29922034,	0
29922033,	0
29922032,	0
29922031,	0
29922030,	0
29922028,	0
29922027,	0
29922026,	0
29922025,	0
29922024,	0
29922022,	0
29922021,	0
29922020,	0
29922019,	0
29922018,	0
29922017,	0
29922016,	0
29922079,	0
29922078,	0
29922077,	0
29922076,	0
29922074,	0
29922071,	0
29922070,	0
29922069,	0
29922067,	0
29922064,	0
29922063,	0
29922062,	0
29922059,	0
29922057,	60
29922055,	0
29922054,	0
29922053,	0
29922048,	0
29922111,	0
29922110,	0
29922108,	0
29922106,	0
29922105,	0
29922103,	0
29922101,	0
29922099,	0
29922096,	0
29922095,	0
29922094,	0
29922092,	0
29922090,	0
29922089,	0
29922088,	0
29922087,	0
29922086,	0
29922085,	0
29922082,	0
29922081,	0
29922143,	0
29922142,	0
29922141,	0
29922140,	0
29922139,	0
29922138,	0
29922137,	0
29922136,	0
29922135,	0
29922134,	0
29922133,	0
29922131,	0
29922129,	0
29922128,	0
29922127,	0
29922126,	0
29922125,	0
29922123,	0
29922121,	0
29922120,	0
29922119,	0
29922118,	0
29922117,	0
29922116,	0
29922115,	0
29922114,	0
29922113,	0
29922112,	0
29922175,	0
29922174,	0
29922173,	0
29922172,	0
29922170,	0
29922169,	0
29922168,	0
29922167,	0
29922166,	0
29922165,	0
29922164,	0
29922163,	0
29922162,	0
29922161,	0
29922160,	0
29922159,	0
29922158,	0
29922156,	0
29922155,	0
29922154,	0
29922153,	0
29922152,	0
29922151,	0
29922150,	0
29922149,	0
29922148,	0
29922147,	0
29922146,	0
29922145,	0
29922144,	0
29922207,	0
29922205,	0
29922202,	0
29922200,	0
29922199,	0
29922198,	0
29922196,	0
29922193,	0
29922191,	0
29922189,	0
29922186,	0
29922185,	0
29922183,	0
29922178,	0
29922239,	0
29922232,	0
29922231,	0
29922224,	0
29922223,	0
29922221,	0
29922218,	0
29922217,	0
29922215,	0
29922211,	0
29922210,	0
29922209,	0
29922208,	0
29922271,	0
29922264,	0
29922263,	0
29922262,	0
29922258,	0
