29926333,	0
29926332,	0
29926331,	0
29926330,	0
29926329,	0
29926328,	0
29926327,	0
29926326,	0
29926325,	0
29926324,	0
29926323,	0
29926322,	0
29926321,	0
29926320,	0
29926319,	0
29926318,	0
29926317,	0
29926316,	0
29926315,	0
29926314,	0
29926313,	0
29926312,	0
29926311,	0
29926310,	0
29926309,	0
29926308,	0
29926307,	0
29926306,	0
29926305,	0
29926304,	0
29926367,	0
29926366,	0
29926365,	0
29926364,	0
29926363,	0
29926362,	0
29926361,	0
29926360,	0
29926359,	0
29926358,	0
29926357,	0
29926356,	0
29926355,	0
29926354,	0
29926353,	0
29926352,	0
29926351,	0
29926350,	0
29926349,	0
29926348,	0
29926347,	0
29926346,	0
29926345,	0
29926344,	0
29926343,	0
29926342,	0
29926341,	0
29926340,	0
29926339,	0
29926338,	0
29926337,	0
29926336,	0
29926399,	0
29926398,	0
29926397,	0
29926396,	0
29926395,	0
29926394,	0
29926393,	0
29926392,	0
29926391,	0
29926390,	0
29926389,	0
29926388,	0
29926387,	0
29926386,	0
29926385,	0
29926384,	0
29926383,	0
29926382,	0
29926381,	0
29926380,	0
29926379,	0
29926378,	0
29926377,	0
29926376,	0
29926375,	0
29926374,	0
29926373,	0
29926372,	0
29926371,	0
29926370,	0
29926369,	0
29926368,	0
29926431,	0
29926430,	0
29926429,	0
29926428,	0
29926427,	0
29926426,	0
29926425,	0
29926424,	0
29926423,	0
29926422,	0
29926421,	0
29926420,	0
29926419,	0
29926418,	0
29926417,	0
29926416,	0
29926415,	0
29926414,	0
29926413,	0
29926412,	0
29926411,	0
29926410,	0
29926409,	0
29926408,	0
29926407,	0
29926406,	0
29926405,	0
29926404,	0
29926403,	0
29926402,	0
29926401,	0
29926400,	0
29926447,	0
29926446,	0
29926445,	0
29926444,	0
29926443,	196
29926442,	0
29926441,	0
29926440,	0
29926439,	0
29926438,	0
29926437,	0
29926436,	0
29926435,	196
29926434,	196
29926433,	0
29926432,	0
29926495,	0
29926494,	0
29926493,	196
29926492,	0
29926491,	0
29926490,	0
29926489,	0
29926488,	0
29926487,	0
29926486,	0
29926485,	196
29926484,	196
29926483,	0
29926482,	0
29926481,	0
29926480,	0
29926479,	0
29926478,	0
29926477,	0
29926476,	0
29926475,	196
