29926787,	0
29926786,	0
29926785,	0
29926784,	0
29926847,	0
29926846,	0
29926845,	0
29926844,	0
29926843,	0
29926842,	0
29926841,	0
29926840,	0
29926839,	0
29926838,	0
29926837,	0
29926836,	0
29926835,	0
29926834,	0
29926833,	0
29926832,	0
29926831,	0
29926830,	0
29926829,	0
29926828,	0
29926827,	0
29926826,	0
29926825,	0
29926824,	0
29926823,	0
29926822,	0
29926821,	0
29926820,	0
29926819,	0
29926818,	0
29926817,	0
29926816,	0
29926879,	0
29926878,	0
29926877,	0
29926876,	0
29926875,	0
29926874,	0
29926873,	0
29926872,	0
29926871,	0
29926870,	0
29926869,	0
29926868,	0
29926867,	0
29926866,	0
29926865,	0
29926864,	0
29926863,	0
29926862,	0
29926861,	0
29926860,	0
29926859,	0
29926858,	0
29926857,	42
29926856,	0
29926855,	0
29926854,	0
29926853,	0
29926852,	0
29926851,	0
29926850,	0
29926849,	42
29926848,	0
29926911,	0
29926910,	0
29926909,	0
29926908,	0
29926907,	0
29926906,	0
29926905,	0
29926904,	0
29926903,	0
29926902,	0
29926901,	0
29926900,	0
29926899,	196
29926898,	0
29926897,	0
29926896,	0
29926895,	0
29926894,	0
29926893,	0
29926892,	0
29926891,	0
29926890,	0
29926889,	0
29926888,	0
29926887,	0
29926886,	0
29926885,	196
29926884,	0
29926883,	0
29926882,	0
29926881,	0
29926880,	0
29926943,	0
29926942,	0
29926941,	0
29926940,	0
29926939,	0
29926938,	0
29926937,	0
29926936,	0
29926935,	0
29926934,	196
29926933,	0
29926932,	0
29926931,	0
29926930,	0
29926929,	0
29926928,	0
29926927,	0
29926926,	0
29926925,	0
29926924,	0
29926923,	0
29926922,	0
29926921,	0
29926920,	0
29926919,	0
29926918,	0
29926917,	0
29926916,	0
29926915,	0
29926914,	0
29926913,	0
29926912,	0
29926975,	0
29926974,	0
29926973,	0
29926972,	0
29926971,	0
29926970,	0
29926969,	0
29926968,	0
29926967,	0
29926966,	0
29926965,	0
29926964,	0
29926963,	0
29926962,	0
29926961,	0
29926960,	0
29926959,	0
29926958,	0
29926957,	0
29926956,	0
29926955,	0
29926954,	0
29926953,	0
29926952,	0
29926951,	0
29926950,	0
29926949,	196
29926948,	0
29926947,	0
29926946,	0
29926945,	0
