29931018,	0
29931017,	0
29931016,	0
29931015,	196
29931014,	0
29931013,	0
29931012,	0
29931011,	0
29931010,	0
29931009,	0
29931008,	0
29931071,	0
29931070,	0
29931069,	0
29931068,	0
29931067,	0
29931066,	0
29931065,	0
29931064,	0
29931063,	0
29931062,	0
29931061,	0
29931060,	0
29931059,	0
29931058,	0
29931057,	0
29931056,	0
29931055,	0
29931054,	0
29931053,	0
29931052,	0
29931051,	0
29931050,	0
29931049,	0
29931048,	0
29931047,	0
29931046,	0
29931045,	0
29931044,	0
29931043,	0
29931042,	0
29931041,	0
29931040,	0
29931135,	0
29931134,	0
29931133,	0
29931132,	0
29931131,	0
29931130,	0
29931129,	0
29931128,	0
29931127,	196
29931126,	0
29931125,	0
29931124,	0
29931123,	0
29931122,	0
29931121,	0
29931120,	0
29931119,	0
29931118,	0
29931117,	0
29931116,	0
29931115,	0
29931114,	0
29931113,	0
29931112,	0
29931111,	0
29931110,	0
29931109,	0
29931108,	0
29931107,	0
29931106,	0
29931105,	0
29931104,	0
29931167,	0
29931166,	0
29931165,	0
29931164,	0
29931163,	0
29931162,	0
29931161,	0
29931160,	0
29931159,	196
29931158,	0
29931157,	0
29931156,	0
29931155,	0
29931154,	0
29931153,	0
29931152,	0
29931151,	0
29931150,	0
29931149,	0
29931148,	0
29931147,	0
29931146,	0
29931145,	0
29931144,	0
29931143,	0
29931142,	0
29931141,	0
29931140,	0
29931139,	0
29931138,	0
29931137,	0
29931136,	0
29931199,	0
29931198,	0
29931197,	0
29931196,	0
29931195,	0
29931194,	0
29931193,	0
29931192,	0
29931191,	0
29931190,	0
29931189,	0
29931188,	0
29931187,	0
29931186,	0
29931185,	0
29931184,	0
29931183,	0
29931182,	0
29931181,	0
29931180,	0
29931179,	0
29931178,	0
29931177,	0
29931176,	0
29931175,	0
29931174,	0
29931173,	0
29931172,	0
29931171,	0
29931170,	0
29931169,	0
29931168,	0
29931231,	0
29931230,	0
29931229,	0
29931228,	0
29931227,	0
29931226,	0
29931225,	0
29931224,	0
29931223,	0
29931222,	0
29931221,	0
29931220,	0
29931219,	0
29931218,	0
29931217,	0
29931216,	0
29931215,	0
29931214,	0
29931213,	0
29931212,	0
29931211,	0
29931210,	0
29931209,	0
29931208,	0
29931207,	196
