29938648,	0
29938647,	0
29938646,	0
29938645,	0
29938644,	0
29938643,	0
29938642,	0
29938641,	0
29938640,	0
29938639,	0
29938638,	0
29938637,	0
29938636,	0
29938635,	0
29938634,	0
29938633,	0
29938632,	0
29938631,	0
29938630,	0
29938629,	0
29938628,	0
29938627,	0
29938626,	0
29938625,	0
29938624,	0
29938687,	0
29938686,	0
29938685,	0
29938684,	0
29938683,	0
29938682,	0
29938681,	0
29938680,	0
29938679,	0
29938678,	0
29938677,	0
29938676,	0
29938675,	0
29938674,	0
29938673,	0
29938672,	0
29938671,	0
29938670,	0
29938669,	0
29938668,	0
29938667,	0
29938666,	0
29938665,	0
29938664,	0
29938663,	0
29938662,	0
29938661,	0
29938660,	0
29938659,	0
29938658,	0
29938657,	0
29938656,	0
29938719,	0
29938718,	0
29938717,	0
29938716,	0
29938715,	0
29938714,	0
29938713,	0
29938712,	0
29938711,	0
29938710,	0
29938709,	0
29938708,	0
29938707,	0
29938706,	0
29938705,	0
29938704,	0
29938703,	0
29938702,	0
29938701,	0
29938700,	0
29938699,	0
29938698,	0
29938697,	0
29938696,	0
29938695,	0
29938694,	0
29938693,	0
29938692,	0
29938691,	0
29938690,	0
29938689,	0
29938688,	0
29938735,	0
29938734,	0
29938733,	0
29938732,	0
29938731,	0
29938730,	0
29938729,	0
29938728,	0
29938727,	0
29938726,	0
29938725,	0
29938724,	0
29938723,	0
29938722,	0
29938721,	0
29938720,	0
29938783,	0
29938782,	0
29938781,	0
29938780,	0
29938779,	0
29938778,	0
29938777,	0
29938776,	0
29938775,	0
29938774,	0
29938773,	0
29938772,	0
29938771,	0
29938770,	0
29938769,	0
29938768,	0
29938767,	0
29938766,	0
29938765,	0
29938764,	0
29938763,	0
29938762,	0
29938761,	0
29938760,	0
29938759,	0
29938758,	0
29938757,	0
29938756,	0
29938755,	0
29938754,	0
29938753,	0
29938752,	0
29938815,	0
29938814,	0
29938813,	0
29938812,	0
29938811,	0
29938810,	0
29938809,	0
29938808,	0
29938807,	0
29938806,	0
29938805,	0
29938804,	0
29938803,	0
29938802,	0
29938801,	0
29938800,	0
29938799,	0
29938798,	0
29938797,	0
29938796,	0
29938795,	0
29938794,	0
29938793,	0
29938792,	0
29938791,	0
29938790,	0
