29939166,	0
29939165,	0
29939164,	0
29939163,	0
29939162,	0
29939161,	0
29939160,	0
29939159,	0
29939158,	0
29939157,	0
29939156,	0
29939155,	0
29939154,	0
29939153,	0
29939152,	0
29939151,	0
29939150,	0
29939149,	0
29939148,	0
29939147,	0
29939146,	0
29939145,	0
29939144,	0
29939143,	0
29939142,	0
29939141,	0
29939140,	0
29939139,	0
29939138,	0
29939137,	0
29939136,	0
29939199,	0
29939198,	0
29939197,	0
29939196,	0
29939195,	0
29939194,	0
29939193,	0
29939192,	0
29939191,	0
29939190,	0
29939189,	0
29939188,	0
29939187,	0
29939186,	0
29939185,	0
29939184,	0
29939183,	0
29939182,	0
29939181,	0
29939180,	0
29939179,	0
29939178,	0
29939177,	0
29939176,	0
29939175,	0
29939174,	0
29939173,	0
29939172,	0
29939171,	0
29939170,	0
29939169,	0
29939168,	0
29939231,	0
29939230,	0
29939229,	0
29939228,	0
29939227,	0
29939226,	0
29939225,	0
29939224,	0
29939223,	0
29939222,	0
29939221,	0
29939220,	0
29939219,	0
29939218,	0
29939217,	0
29939216,	0
29939215,	0
29939214,	0
29939213,	0
29939212,	0
29939211,	0
29939210,	0
29939209,	0
29939208,	0
29939207,	0
29939206,	0
29939205,	0
29939204,	0
29939203,	0
29939202,	0
29939201,	0
29939200,	0
29939263,	0
29939262,	0
29939261,	0
29939260,	0
29939259,	0
29939258,	0
29939257,	0
29939256,	0
29939255,	196
29939254,	0
29939253,	0
29939252,	0
29939251,	0
29939250,	0
29939249,	0
29939248,	0
29939247,	0
29939246,	0
29939245,	0
29939244,	0
29939243,	0
29939242,	0
29939241,	0
29939240,	0
29939239,	0
29939238,	0
29939237,	0
29939236,	0
29939235,	0
29939234,	0
29939233,	0
29939232,	0
29939327,	0
29939326,	0
29939325,	0
29939324,	0
29939323,	0
29939322,	0
29939321,	0
29939320,	0
29939319,	0
29939318,	0
29939317,	0
29939316,	0
29939315,	0
29939314,	0
29939313,	0
29939312,	0
29939311,	0
29939310,	0
29939309,	0
29939308,	0
29939307,	0
29939306,	0
29939305,	0
29939304,	0
29939303,	0
29939302,	0
29939301,	0
29939300,	0
29939299,	0
29939298,	0
29939297,	0
29939296,	0
29939359,	0
29939358,	0
29939357,	0
29939356,	0
