29939355,	0
29939354,	0
29939353,	0
29939352,	0
29939351,	0
29939350,	0
29939349,	0
29939348,	0
29939347,	0
29939346,	0
29939345,	0
29939344,	0
29939343,	0
29939342,	0
29939341,	0
29939340,	0
29939339,	0
29939338,	0
29939337,	0
29939336,	0
29939335,	0
29939334,	0
29939333,	0
29939332,	0
29939331,	0
29939330,	0
29939329,	0
29939328,	0
29939391,	0
29939390,	0
29939389,	0
29939388,	0
29939387,	0
29939386,	0
29939385,	0
29939384,	0
29939383,	0
29939382,	0
29939381,	0
29939380,	0
29939379,	0
29939378,	0
29939377,	0
29939376,	0
29939375,	0
29939374,	0
29939373,	0
29939372,	0
29939371,	0
29939370,	0
29939369,	0
29939368,	0
29939367,	0
29939366,	0
29939365,	0
29939364,	0
29939363,	0
29939362,	0
29939361,	0
29939360,	0
29939423,	0
29939422,	0
29939421,	0
29939420,	0
29939419,	0
29939418,	0
29939417,	0
29939416,	0
29939415,	0
29939414,	0
29939413,	0
29939412,	0
29939411,	0
29939410,	0
29939409,	0
29939408,	0
29939407,	0
29939406,	0
29939405,	0
29939404,	0
29939403,	0
29939402,	0
29939401,	0
29939400,	0
29939399,	0
29939398,	0
29939397,	0
29939396,	0
29939395,	0
29939394,	0
29939393,	0
29939392,	0
29939455,	0
29939454,	0
29939453,	0
29939452,	0
29939451,	0
29939450,	196
29939449,	0
29939448,	84
29939447,	0
29939446,	0
29939445,	0
29939444,	0
29939443,	0
29939442,	168
29939441,	0
29939440,	56
29939439,	0
29939438,	0
29939437,	28
29939436,	0
29939435,	0
29939434,	0
29939433,	0
29939432,	0
29939431,	0
29939430,	0
29939429,	28
29939428,	0
29939427,	0
29939426,	0
29939425,	0
29939424,	0
29939487,	0
29939486,	0
29939485,	0
29939484,	0
29939483,	0
29939482,	0
29939481,	0
29939480,	0
29939479,	0
29939478,	0
29939477,	0
29939476,	0
29939475,	0
29939474,	0
29939473,	0
29939472,	0
29939471,	0
29939470,	0
29939469,	0
29939468,	0
29939467,	0
29939466,	0
29939465,	0
29939464,	0
29939463,	0
29939462,	0
29939461,	0
29939460,	0
29939459,	0
29939458,	0
29939457,	0
29939456,	0
29939519,	0
29939518,	0
29939517,	0
29939516,	0
29939515,	0
29939514,	0
29939513,	0
29939512,	0
