29942578,	0
29942577,	0
29942576,	0
29942575,	0
29942574,	0
29942566,	0
29942565,	0
29942564,	0
29942563,	0
29942562,	0
29942561,	0
29942560,	0
29942622,	0
29942621,	0
29942620,	0
29942619,	0
29942618,	0
29942617,	0
29942616,	0
29942615,	0
29942614,	0
29942613,	0
29942612,	0
29942611,	0
29942610,	0
29942609,	0
29942608,	0
29942604,	0
29942603,	0
29942602,	0
29942601,	0
29942600,	0
29942599,	0
29942598,	0
29942597,	0
29942596,	0
29942595,	0
29942594,	0
29942593,	0
29942592,	0
29942654,	0
29942653,	0
29942652,	0
29942651,	0
29942650,	0
29942649,	0
29942648,	0
29942647,	0
29942646,	0
29942645,	0
29942644,	0
29942643,	0
29942642,	0
29942639,	0
29942638,	0
29942637,	0
29942636,	0
29942635,	0
29942634,	0
29942633,	0
29942632,	0
29942631,	0
29942630,	0
29942629,	0
29942628,	0
29942627,	0
29942626,	0
29942625,	0
29942624,	0
29942686,	0
29942683,	0
29942682,	0
29942681,	0
29942680,	0
29942679,	0
29942678,	0
29942677,	0
29942676,	0
29942675,	0
29942674,	0
29942673,	0
29942672,	182
29942668,	0
29942667,	0
29942664,	0
29942663,	0
29942662,	0
29942660,	0
29942659,	0
29942658,	0
29942657,	0
29942656,	0
29942718,	0
29942717,	0
29942716,	0
29942715,	0
29942714,	0
29942706,	0
29942703,	0
29942702,	0
29942701,	0
29942700,	0
29942699,	0
29942696,	0
29942695,	0
29942694,	0
29942693,	0
29942692,	0
29942691,	0
29942690,	0
29942689,	0
29942688,	0
29942750,	0
29942747,	60
29942746,	60
29942745,	72
29942744,	60
29942737,	0
29942736,	0
29942732,	0
29942724,	0
29942723,	42
29942722,	42
29942721,	42
29942720,	42
29942782,	0
29942781,	0
29942780,	0
29942779,	0
29942778,	0
29942770,	0
29942767,	0
29942766,	0
29942758,	0
29942757,	0
29942756,	0
29942755,	0
29942754,	0
29942753,	0
29942752,	0
29942814,	0
29942813,	0
29942812,	0
29942811,	0
29942810,	0
29942809,	0
29942808,	0
29942807,	0
29942806,	139
29942805,	0
29942804,	0
29942803,	0
29942802,	0
29942801,	183
29942800,	80
29942796,	0
29942795,	0
29942794,	0
29942793,	0
29942792,	0
29942791,	0
29942790,	69
29942789,	0
29942788,	0
