29946648,	0
29946641,	0
29946640,	0
29946639,	0
29946638,	0
29946637,	0
29946628,	0
29946627,	0
29946626,	0
29946625,	0
29946624,	0
29946686,	0
29946685,	0
29946684,	0
29946683,	0
29946682,	0
29946681,	0
29946680,	0
29946677,	0
29946674,	0
29946673,	0
29946672,	0
29946671,	0
29946670,	0
29946662,	0
29946661,	0
29946660,	0
29946659,	0
29946658,	0
29946657,	0
29946656,	0
29946718,	0
29946717,	0
29946716,	0
29946715,	0
29946714,	0
29946713,	0
29946712,	0
29946710,	0
29946709,	0
29946708,	0
29946705,	0
29946704,	0
29946703,	0
29946702,	0
29946700,	0
29946698,	0
29946697,	0
29946695,	0
29946694,	0
29946692,	0
29946691,	0
29946690,	0
29946689,	0
29946688,	0
29946750,	0
29946749,	0
29946748,	0
29946747,	0
29946746,	0
29946745,	0
29946744,	0
29946743,	0
29946742,	0
29946741,	0
29946740,	0
29946739,	0
29946738,	0
29946737,	0
29946736,	0
29946735,	0
29946734,	0
29946733,	0
29946731,	0
29946729,	0
29946728,	0
29946726,	0
29946725,	0
29946724,	0
29946723,	0
29946722,	0
29946721,	0
29946720,	0
29946782,	0
29946781,	0
29946780,	0
29946779,	0
29946778,	0
29946777,	0
29946776,	0
29946774,	0
29946769,	0
29946768,	0
29946767,	0
29946766,	0
29946765,	0
29946756,	0
29946755,	0
29946754,	0
29946753,	0
29946752,	0
29946814,	0
29946813,	0
29946812,	0
29946811,	0
29946810,	0
29946802,	0
29946801,	0
29946800,	0
29946799,	0
29946798,	0
29946797,	0
29946793,	0
29946790,	0
29946789,	0
29946788,	0
29946787,	0
29946786,	0
29946785,	0
29946784,	0
29946846,	0
29946845,	0
29946844,	0
29946843,	0
29946842,	0
29946841,	0
29946840,	0
29946833,	0
29946832,	0
29946831,	0
29946830,	0
29946828,	0
29946820,	0
29946819,	0
29946818,	0
29946817,	0
29946816,	0
29946878,	0
29946877,	0
29946876,	0
29946875,	0
29946874,	0
29946866,	0
29946865,	0
29946864,	0
29946863,	0
29946862,	0
29946854,	0
29946853,	0
29946852,	0
29946851,	0
29946850,	0
29946849,	0
29946848,	0
29946910,	0
29946909,	0
29946908,	0
29946907,	0
29946906,	0
29946905,	0
29946904,	0
29946903,	0
29946902,	0
