29950738,	0
29950737,	0
29950736,	0
29950735,	0
29950734,	0
29950733,	0
29950732,	0
29950731,	0
29950730,	0
29950729,	0
29950728,	0
29950727,	0
29950726,	0
29950725,	0
29950724,	0
29950723,	0
29950722,	0
29950721,	0
29950720,	0
29950783,	0
29950782,	0
29950781,	0
29950780,	0
29950779,	0
29950778,	0
29950777,	0
29950776,	0
29950775,	0
29950774,	0
29950773,	0
29950772,	0
29950771,	0
29950770,	0
29950769,	0
29950768,	0
29950767,	0
29950766,	0
29950765,	0
29950764,	0
29950763,	0
29950762,	0
29950761,	0
29950760,	0
29950759,	0
29950758,	0
29950757,	0
29950756,	0
29950755,	0
29950754,	0
29950753,	0
29950752,	0
29950879,	0
29950878,	0
29950877,	0
29950876,	0
29950875,	0
29950874,	0
29950873,	0
29950872,	0
29950871,	0
29950870,	0
29950869,	0
29950868,	0
29950867,	0
29950866,	0
29950865,	0
29950864,	0
29950863,	0
29950862,	0
29950861,	0
29950860,	0
29950859,	0
29950858,	0
29950857,	0
29950856,	0
29950855,	0
29950854,	0
29950853,	0
29950852,	0
29950851,	0
29950850,	0
29950849,	0
29950848,	0
29950895,	0
29950894,	0
29950893,	0
29950892,	0
29950891,	0
29950890,	0
29950889,	0
29950888,	0
29950887,	0
29950886,	0
29950885,	0
29950884,	0
29950883,	0
29950882,	0
29950881,	0
29950880,	0
29951007,	0
29951006,	0
29951005,	0
29951004,	0
29951003,	0
29951002,	0
29951001,	0
29951000,	0
29950999,	0
29950998,	0
29950997,	0
29950996,	0
29950995,	0
29950994,	0
29950993,	0
29950992,	0
29950991,	0
29950990,	0
29950989,	0
29950988,	0
29950987,	0
29950986,	0
29950985,	0
29950984,	0
29950983,	0
29950982,	0
29950981,	0
29950980,	0
29950979,	0
29950978,	0
29950977,	0
29950976,	0
29951023,	0
29951022,	0
29951021,	0
29951020,	0
29951019,	0
29951018,	0
29951017,	0
29951016,	0
29951015,	0
29951014,	0
29951013,	0
29951012,	0
29951011,	0
29951010,	0
29951009,	0
29951008,	0
29951071,	0
29951070,	0
29951069,	0
29951068,	0
29951067,	0
29951066,	0
29951065,	0
29951064,	0
29951063,	0
29951062,	0
29951061,	0
29951060,	0
29951059,	0
29951058,	0
29951057,	0
29951056,	0
29951055,	0
