29952013,	0
29952012,	0
29952011,	0
29952010,	0
29952009,	0
29952008,	0
29952007,	196
29952006,	196
29952005,	0
29952004,	0
29952003,	0
29952002,	0
29952001,	0
29952000,	0
29952063,	0
29952062,	0
29952061,	0
29952060,	0
29952059,	0
29952058,	0
29952057,	0
29952056,	0
29952055,	0
29952054,	0
29952053,	0
29952052,	0
29952051,	0
29952050,	0
29952049,	0
29952048,	0
29952047,	0
29952046,	0
29952045,	0
29952044,	0
29952043,	0
29952042,	0
29952041,	0
29952040,	0
29952039,	0
29952038,	0
29952037,	0
29952036,	0
29952035,	0
29952034,	0
29952033,	0
29952032,	0
29952095,	0
29952094,	0
29952093,	0
29952092,	0
29952091,	0
29952090,	0
29952089,	0
29952088,	0
29952087,	0
29952086,	0
29952085,	0
29952084,	0
29952083,	0
29952082,	0
29952081,	0
29952080,	0
29952079,	0
29952078,	0
29952077,	0
29952076,	0
29952075,	0
29952074,	0
29952073,	0
29952072,	0
29952071,	0
29952070,	0
29952069,	0
29952068,	0
29952067,	0
29952066,	0
29952065,	0
29952064,	0
29952127,	0
29952126,	0
29952125,	0
29952124,	0
29952123,	0
29952122,	0
29952121,	0
29952120,	0
29952119,	0
29952118,	0
29952117,	0
29952116,	0
29952115,	0
29952114,	0
29952113,	0
29952112,	0
29952111,	0
29952110,	0
29952109,	0
29952108,	0
29952107,	0
29952106,	0
29952105,	0
29952104,	0
29952103,	0
29952102,	0
29952101,	0
29952100,	0
29952099,	0
29952098,	0
29952097,	0
29952096,	0
29952159,	0
29952158,	0
29952157,	0
29952156,	0
29952155,	0
29952154,	0
29952153,	0
29952152,	0
29952151,	0
29952150,	0
29952149,	0
29952148,	0
29952147,	0
29952146,	0
29952145,	0
29952144,	0
29952143,	0
29952142,	0
29952141,	0
29952140,	0
29952139,	0
29952138,	0
29952137,	0
29952136,	0
29952135,	0
29952134,	0
29952133,	0
29952132,	0
29952131,	0
29952130,	0
29952129,	0
29952128,	0
29952191,	0
29952190,	0
29952189,	0
29952188,	0
29952187,	0
29952186,	0
29952185,	0
29952184,	0
29952183,	0
29952182,	0
29952181,	0
29952180,	0
29952179,	0
29952178,	0
29952177,	0
29952176,	0
29952175,	0
29952174,	0
29952173,	0
29952172,	0
29952171,	0
29952170,	0
