29952169,	0
29952168,	0
29952167,	0
29952166,	0
29952165,	0
29952164,	0
29952163,	0
29952162,	0
29952161,	0
29952160,	0
29952223,	0
29952222,	0
29952221,	0
29952220,	0
29952219,	0
29952218,	0
29952217,	0
29952216,	0
29952215,	0
29952214,	0
29952213,	0
29952212,	0
29952211,	0
29952210,	0
29952209,	0
29952208,	0
29952207,	0
29952206,	0
29952205,	0
29952204,	0
29952203,	0
29952202,	0
29952201,	0
29952200,	0
29952199,	0
29952198,	0
29952197,	0
29952196,	0
29952195,	0
29952194,	0
29952193,	0
29952192,	0
29952255,	0
29952254,	0
29952253,	0
29952252,	0
29952251,	0
29952250,	0
29952249,	0
29952248,	0
29952247,	0
29952246,	0
29952245,	0
29952244,	0
29952243,	0
29952242,	0
29952241,	0
29952240,	0
29952239,	0
29952238,	0
29952237,	0
29952236,	0
29952235,	0
29952234,	0
29952233,	0
29952232,	0
29952231,	0
29952230,	0
29952229,	0
29952228,	0
29952227,	0
29952226,	0
29952225,	0
29952224,	0
29952287,	0
29952286,	0
29952285,	0
29952284,	0
29952283,	0
29952282,	0
29952281,	0
29952280,	0
29952279,	0
29952278,	0
29952277,	0
29952276,	0
29952275,	0
29952274,	0
29952273,	0
29952272,	0
29952271,	0
29952270,	0
29952269,	0
29952268,	0
29952267,	0
29952266,	0
29952265,	0
29952264,	0
29952263,	0
29952262,	0
29952261,	0
29952260,	0
29952259,	0
29952258,	0
29952257,	0
29952256,	0
29952319,	0
29952318,	0
29952317,	0
29952316,	0
29952315,	0
29952314,	0
29952313,	0
29952312,	0
29952311,	0
29952310,	0
29952309,	0
29952308,	0
29952307,	0
29952306,	0
29952305,	0
29952304,	0
29952303,	0
29952302,	0
29952301,	0
29952300,	0
29952299,	0
29952298,	0
29952297,	0
29952296,	0
29952295,	0
29952294,	0
29952293,	0
29952292,	0
29952291,	0
29952290,	0
29952289,	0
29952288,	0
29952351,	0
29952350,	0
29952349,	0
29952348,	0
29952347,	0
29952346,	0
29952345,	0
29952344,	0
29952343,	0
29952342,	0
29952341,	0
29952340,	0
29952339,	0
29952338,	0
29952337,	0
29952336,	0
29952335,	0
29952334,	0
29952333,	0
29952332,	0
29952331,	0
29952330,	0
29952329,	0
29952328,	0
29952327,	0
