29960389,	0
29960388,	0
29960387,	0
29960386,	0
29960385,	0
29960384,	0
29960447,	0
29960446,	0
29960445,	0
29960444,	0
29960443,	0
29960442,	0
29960441,	0
29960440,	0
29960439,	0
29960438,	0
29960437,	0
29960436,	0
29960435,	0
29960434,	0
29960433,	0
29960432,	0
29960431,	0
29960430,	0
29960429,	0
29960428,	0
29960427,	0
29960426,	0
29960425,	0
29960424,	0
29960423,	0
29960422,	0
29960421,	0
29960420,	0
29960419,	0
29960418,	0
29960417,	0
29960416,	0
29960479,	0
29960478,	0
29960477,	0
29960476,	0
29960475,	0
29960474,	0
29960473,	0
29960472,	0
29960471,	0
29960470,	0
29960469,	0
29960468,	0
29960467,	0
29960466,	0
29960465,	0
29960464,	0
29960463,	0
29960462,	0
29960461,	0
29960460,	0
29960459,	0
29960458,	0
29960457,	0
29960456,	0
29960455,	0
29960454,	0
29960453,	0
29960452,	0
29960451,	0
29960450,	0
29960449,	0
29960448,	0
29960511,	0
29960510,	0
29960509,	0
29960508,	0
29960507,	0
29960506,	0
29960505,	0
29960504,	0
29960503,	0
29960502,	0
29960501,	0
29960500,	0
29960499,	0
29960498,	0
29960497,	0
29960496,	0
29960495,	0
29960494,	0
29960493,	0
29960492,	0
29960491,	0
29960490,	0
29960489,	0
29960488,	0
29960487,	0
29960486,	0
29960485,	0
29960484,	0
29960483,	0
29960482,	0
29960481,	0
29960480,	0
29960543,	0
29960542,	0
29960541,	0
29960540,	0
29960539,	0
29960538,	0
29960537,	0
29960536,	0
29960535,	0
29960534,	0
29960533,	0
29960532,	0
29960531,	0
29960530,	0
29960529,	0
29960528,	0
29960527,	0
29960526,	0
29960525,	0
29960524,	0
29960523,	0
29960522,	0
29960521,	0
29960520,	0
29960519,	0
29960518,	0
29960517,	0
29960516,	0
29960515,	0
29960514,	0
29960513,	0
29960512,	0
29960575,	0
29960574,	0
29960573,	0
29960572,	0
29960571,	0
29960570,	0
29960569,	0
29960568,	0
29960567,	0
29960565,	0
29960564,	0
29960563,	0
29960562,	0
29960561,	0
29960560,	0
29960559,	0
29960558,	0
29960557,	0
29960556,	0
29960555,	0
29960554,	0
29960553,	0
29960552,	0
29960551,	0
29960550,	0
29960549,	0
29960548,	0
29960547,	0
29960546,	0
