29968053,	0
29968052,	0
29968051,	0
29968050,	0
29968049,	0
29968047,	0
29968046,	0
29968045,	0
29968043,	0
29968042,	0
29968040,	0
29968036,	0
29968032,	0
29968084,	0
29968080,	0
29968072,	0
29968068,	0
29968064,	0
29968126,	0
29968125,	0
29968124,	0
29968123,	0
29968122,	0
29968121,	0
29968120,	0
29968119,	0
29968118,	0
29968117,	0
29968116,	0
29968115,	0
29968114,	0
29968113,	0
29968111,	0
29968110,	0
29968109,	0
29968107,	0
29968106,	0
29968104,	0
29968100,	0
29968096,	0
29968148,	0
29968144,	0
29968136,	0
29968132,	0
29968128,	0
29968190,	0
29968189,	0
29968188,	0
29968187,	0
29968186,	0
29968185,	0
29968184,	0
29968183,	0
29968182,	0
29968181,	0
29968180,	0
29968179,	0
29968178,	0
29968177,	0
29968175,	0
29968174,	0
29968173,	0
29968171,	0
29968170,	0
29968168,	0
29968164,	0
29968160,	0
29968212,	0
29968208,	0
29968200,	0
29968196,	0
29968192,	0
29968254,	0
29968253,	0
29968252,	0
29968251,	0
29968250,	0
29968249,	0
29968248,	0
29968247,	0
29968246,	0
29968245,	0
29968244,	0
29968243,	0
29968242,	0
29968241,	0
29968239,	0
29968238,	0
29968237,	0
29968235,	0
29968234,	0
29968232,	0
29968228,	0
29968224,	0
29968276,	0
29968272,	0
29968264,	0
29968260,	0
29968256,	0
29968318,	0
29968317,	0
29968316,	0
29968315,	0
29968314,	0
29968313,	0
29968312,	0
29968311,	0
29968310,	0
29968309,	0
29968308,	0
29968307,	0
29968306,	0
29968305,	0
29968303,	0
29968302,	0
29968301,	0
29968299,	0
29968298,	0
29968296,	0
29968292,	0
29968288,	0
29968340,	0
29968336,	0
29968328,	0
29968324,	0
29968320,	0
29968382,	0
29968381,	0
29968380,	0
29968379,	0
29968378,	0
29968377,	0
29968376,	0
29968375,	0
29968374,	0
29968373,	0
29968372,	0
29968371,	0
29968370,	0
29968369,	0
29968367,	0
29968366,	0
29968365,	0
29968363,	0
29968362,	0
29968360,	0
29968356,	0
29968352,	0
29968404,	0
29968400,	0
29968392,	0
29968388,	0
29968384,	0
29968446,	0
29968445,	0
29968444,	0
29968443,	0
29968442,	0
29968441,	0
29968440,	0
29968439,	0
29968438,	0
29968437,	0
