29971227,	0
29971226,	52
29971225,	52
29971223,	0
29971222,	0
29971218,	52
29971216,	0
29971215,	0
29971214,	0
29971212,	0
29971210,	0
29971209,	0
29971259,	0
29971251,	0
29971243,	0
29971239,	0
29971235,	52
29971295,	0
29971292,	0
29971291,	0
29971288,	0
29971287,	0
29971285,	0
29971284,	0
29971279,	0
29971323,	0
29971307,	0
29971359,	0
29971357,	0
29971356,	193
29971355,	0
29971354,	195
29971353,	195
29971352,	0
29971351,	0
29971350,	0
29971349,	0
29971348,	0
29971347,	0
29971387,	0
29971383,	0
29971379,	0
29971375,	0
29971371,	0
29971367,	0
29971363,	194
29971423,	0
29971421,	0
29971420,	0
29971419,	0
29971418,	177
29971417,	177
29971416,	0
29971415,	0
29971414,	0
29971413,	0
29971412,	0
29971411,	0
29971403,	0
29971399,	0
29971451,	0
29971447,	0
29971443,	0
29971439,	0
29971435,	0
29971431,	0
29971427,	187
29971487,	0
29971485,	0
29971484,	0
29971483,	0
29971482,	0
29971481,	0
29971480,	0
29971479,	0
29971478,	0
29971477,	0
29971476,	0
29971471,	123
29971515,	0
29971507,	0
29971499,	0
29971495,	0
29971491,	196
29971551,	0
29971549,	0
29971548,	0
29971547,	0
29971546,	0
29971545,	0
29971544,	0
29971543,	0
29971542,	0
29971541,	0
29971540,	0
29971535,	0
29971523,	0
29971579,	0
29971571,	0
29971563,	0
29971559,	0
29971555,	0
29971615,	0
29971613,	0
29971612,	0
29971611,	0
29971610,	0
29971609,	0
29971608,	0
29971607,	0
29971606,	0
29971605,	0
29971604,	0
29971601,	0
29971597,	0
29971587,	0
29971643,	0
29971639,	0
29971635,	0
29971631,	0
29971627,	0
29971623,	0
29971619,	0
29971679,	0
29971677,	0
29971676,	0
29971675,	0
29971674,	0
29971673,	0
29971672,	0
29971671,	0
29971670,	0
29971669,	0
29971668,	0
29971659,	0
29971707,	0
29971703,	0
29971699,	0
29971695,	0
29971691,	0
29971687,	0
29971683,	80
29971743,	0
29971741,	0
29971740,	0
29971739,	0
29971738,	0
29971737,	0
29971736,	0
29971735,	0
29971734,	0
29971733,	0
29971732,	0
29971731,	0
29971729,	0
29971725,	0
29971719,	0
29971771,	0
29971763,	0
29971759,	0
29971755,	0
29971751,	0
29971747,	196
