29996282,	0
29996278,	0
29996275,	0
29996274,	0
29996272,	0
29996270,	0
29996268,	0
29996260,	0
29996318,	0
29996316,	0
29996312,	0
29996310,	0
29996306,	0
29996304,	0
29996296,	0
29996288,	0
29996350,	0
29996349,	0
29996348,	0
29996346,	0
29996340,	0
29996334,	0
29996330,	0
29996328,	28
29996324,	0
29996323,	0
29996322,	0
29996320,	0
29996383,	0
29996380,	0
29996376,	0
29996374,	0
29996372,	0
29996368,	0
29996367,	0
29996366,	0
29996364,	0
29996362,	0
29996358,	0
29996356,	0
29996355,	0
29996352,	0
29996415,	0
29996414,	0
29996410,	0
29996407,	0
29996406,	0
29996400,	0
29996399,	0
29996398,	0
29996396,	0
29996392,	0
29996391,	0
29996390,	0
29996388,	0
29996386,	0
29996447,	0
29996438,	0
29996434,	0
29996433,	2
29996431,	0
29996426,	0
29996424,	84
29996418,	0
29996478,	0
29996474,	0
29996471,	0
29996467,	0
29996466,	0
29996464,	0
29996463,	0
29996454,	0
29996452,	0
29996450,	0
29996510,	0
29996508,	0
29996504,	0
29996502,	0
29996499,	0
29996490,	0
29996488,	0
29996483,	0
29996482,	14
29996480,	0
29996542,	0
29996540,	0
29996538,	0
29996534,	196
29996530,	0
29996522,	0
29996514,	0
29996513,	0
29996573,	0
29996572,	0
29996562,	0
29996558,	0
29996557,	0
29996552,	196
29996550,	0
29996548,	0
29996547,	0
29996546,	0
29996544,	0
29996606,	0
29996604,	0
29996600,	0
29996598,	0
29996594,	112
29996592,	0
29996584,	196
29996582,	0
29996578,	0
29996577,	0
29996576,	0
29996671,	0
29996670,	0
29996668,	0
29996666,	0
29996662,	0
29996660,	0
29996658,	0
29996647,	0
29996646,	0
29996643,	0
29996642,	0
29996641,	0
29996701,	0
29996700,	0
29996699,	0
29996696,	0
29996690,	0
29996686,	0
29996685,	0
29996684,	0
29996680,	0
29996678,	0
29996672,	0
29996734,	0
29996732,	0
29996731,	0
29996730,	42
29996728,	0
29996726,	0
29996722,	0
29996721,	0
29996720,	0
29996718,	0
29996716,	0
29996715,	0
29996712,	0
29996710,	0
29996706,	0
29996704,	0
29996766,	0
29996764,	0
29996760,	0
29996758,	0
29996754,	0
29996751,	0
29996748,	0
29996744,	0
29996742,	0
29996736,	0
