29996798,	0
29996797,	0
29996796,	126
29996795,	0
29996792,	0
29996790,	0
29996786,	0
29996780,	0
29996779,	0
29996776,	0
29996774,	0
29996772,	0
29996770,	0
29996769,	0
29996768,	0
29996831,	0
29996830,	0
29996826,	0
29996824,	0
29996822,	0
29996820,	0
29996819,	0
29996818,	0
29996816,	0
29996815,	0
29996814,	0
29996812,	0
29996808,	0
29996806,	0
29996802,	0
29996800,	0
29996862,	0
29996861,	0
29996860,	0
29996858,	0
29996856,	0
29996854,	0
29996850,	0
29996848,	0
29996846,	0
29996844,	0
29996838,	0
29996834,	0
29996895,	0
29996892,	0
29996887,	0
29996886,	0
29996884,	0
29996882,	0
29996880,	0
29996878,	0
29996876,	0
29996866,	0
29996927,	0
29996926,	0
29996920,	0
29996918,	0
29996914,	0
29996913,	0
29996912,	0
29996910,	0
29996909,	0
29996906,	0
29996904,	0
29996902,	0
29996898,	0
29996897,	0
29996959,	0
29996958,	0
29996956,	0
29996952,	0
29996951,	0
29996950,	0
29996946,	0
29996945,	0
29996944,	0
29996942,	0
29996941,	0
29996940,	0
29996934,	0
29996930,	0
29996928,	0
29996984,	0
29996982,	0
29996980,	0
29996978,	0
29996976,	0
29996975,	0
29996974,	0
29996972,	0
29996968,	0
29996962,	0
29996960,	0
29997023,	0
29997022,	159
29997021,	0
29997020,	0
29997019,	0
29997018,	0
29997017,	0
29997015,	54
29997014,	54
29997010,	54
29997008,	54
29997006,	54
29997004,	54
29997000,	54
29996994,	54
29996992,	54
29997054,	54
29997053,	54
29997052,	196
29997048,	54
29997046,	54
29997045,	54
29997041,	54
29997040,	54
29997038,	54
29997036,	54
29997034,	54
29997032,	54
29997030,	54
29997026,	54
29997024,	54
29997086,	54
29997085,	54
29997080,	54
29997079,	54
29997078,	54
29997076,	54
29997075,	54
29997074,	54
29997073,	54
