30000888,	0
30000887,	0
30000886,	0
30000883,	0
30000882,	0
30000877,	0
30000876,	0
30000873,	0
30000872,	0
30000871,	0
30000870,	0
30000869,	0
30000868,	0
30000867,	0
30000866,	28
30000865,	0
30000864,	0
30000927,	0
30000926,	0
30000923,	0
30000922,	0
30000921,	0
30000920,	0
30000919,	0
30000918,	0
30000917,	0
30000916,	0
30000915,	0
30000914,	0
30000913,	0
30000912,	0
30000911,	0
30000910,	0
30000909,	0
30000908,	0
30000905,	0
30000904,	0
30000903,	0
30000902,	0
30000899,	0
30000898,	0
30000897,	0
30000896,	0
30000959,	0
30000958,	0
30000957,	0
30000956,	0
30000955,	0
30000954,	0
30000953,	0
30000952,	0
30000951,	0
30000950,	0
30000947,	0
30000946,	0
30000945,	0
30000944,	0
30000943,	0
30000942,	0
30000941,	0
30000940,	0
30000935,	0
30000934,	0
30000931,	0
30000930,	0
30000989,	0
30000988,	0
30000983,	0
30000982,	0
30000981,	0
30000980,	0
30000979,	0
30000978,	0
30000977,	0
30000976,	0
30000975,	0
30000974,	0
30000973,	0
30000972,	0
30000963,	0
30000962,	0
30001023,	0
30001022,	0
30001017,	0
30001016,	0
30001015,	0
30001014,	0
30001011,	0
30001010,	0
30001009,	0
30001008,	0
30001007,	0
30001006,	0
30001003,	0
30001002,	0
30001001,	0
30001000,	0
30000999,	0
30000998,	0
30000995,	0
30000994,	0
30001055,	0
30001054,	0
30001053,	0
30001052,	0
30001049,	0
30001048,	0
30001047,	0
30001046,	0
30001043,	0
30001042,	0
30001041,	0
30001040,	0
30001039,	0
30001038,	0
30001037,	0
30001036,	0
30001031,	0
30001030,	0
30001027,	0
30001026,	0
30001025,	0
30001024,	0
30001081,	0
30001080,	0
30001079,	0
30001078,	0
30001077,	0
30001076,	0
30001075,	0
30001074,	0
30001073,	0
30001072,	0
30001071,	0
30001070,	0
30001069,	0
30001068,	0
30001065,	0
30001064,	0
30001059,	0
30001058,	0
30001057,	0
30001056,	0
30001119,	0
30001118,	0
30001117,	0
30001116,	0
30001115,	0
30001114,	0
30001111,	0
30001110,	0
30001107,	0
30001106,	0
30001105,	0
30001104,	0
30001103,	0
30001102,	0
30001101,	0
30001100,	0
30001097,	0
30001096,	0
30001091,	0
30001090,	0
30001089,	0
