30008097,	0
30008096,	0
30008159,	0
30008157,	0
30008152,	0
30008151,	0
30008145,	0
30008143,	0
30008137,	0
30008135,	39
30008133,	0
30008131,	0
30008130,	0
30008129,	0
30008191,	0
30008189,	0
30008188,	0
30008186,	0
30008185,	0
30008184,	0
30008183,	0
30008181,	0
30008179,	0
30008177,	0
30008175,	0
30008172,	0
30008170,	0
30008169,	0
30008163,	0
30008160,	0
30008223,	0
30008220,	0
30008218,	0
30008217,	0
30008216,	0
30008207,	0
30008205,	0
30008204,	0
30008202,	0
30008201,	0
30008200,	0
30008195,	0
30008193,	0
30008255,	0
30008253,	0
30008252,	0
30008250,	0
30008249,	0
30008241,	163
30008239,	0
30008235,	0
30008234,	0
30008233,	0
30008231,	0
30008224,	0
30008287,	0
30008284,	0
30008282,	0
30008279,	0
30008274,	0
30008273,	0
30008270,	0
30008265,	0
30008262,	0
30008259,	60
30008256,	0
30008319,	0
30008316,	0
30008313,	0
30008311,	0
30008300,	0
30008299,	0
30008297,	0
30008291,	0
30008351,	81
30008348,	0
30008346,	0
30008345,	0
30008344,	0
30008337,	0
30008335,	0
30008333,	0
30008332,	0
30008329,	0
30008326,	0
30008321,	0
30008377,	0
30008375,	0
30008374,	0
30008370,	0
30008368,	0
30008365,	0
30008364,	0
30008357,	0
30008356,	0
30008352,	0
30008415,	0
30008414,	75
30008413,	0
30008412,	0
30008410,	0
30008409,	0
30008407,	0
30008406,	0
30008402,	0
30008401,	0
30008400,	0
30008399,	0
30008398,	0
30008396,	0
30008395,	0
30008393,	0
30008391,	0
30008389,	0
30008388,	0
30008386,	0
30008447,	0
30008446,	0
30008445,	0
30008444,	0
30008442,	0
30008441,	0
30008439,	0
30008438,	0
30008434,	0
30008431,	0
30008429,	0
30008427,	0
30008426,	0
30008425,	0
30008424,	0
30008423,	70
30008421,	0
30008420,	0
30008419,	0
30008417,	0
30008416,	0
30008479,	0
30008478,	0
30008477,	0
30008473,	0
30008472,	94
30008471,	0
30008468,	0
30008467,	0
30008464,	0
30008463,	70
30008462,	0
30008460,	0
30008458,	0
30008457,	0
30008454,	0
30008452,	0
30008451,	0
30008449,	94
30008448,	0
30008510,	0
30008509,	0
30008508,	0
30008507,	0
30008505,	0
30008503,	0
30008500,	0
