30009105,	0
30009104,	0
30009103,	0
30009102,	0
30009101,	0
30009100,	0
30009097,	0
30009095,	0
30009092,	0
30009091,	0
30009089,	0
30009088,	0
30009151,	0
30009149,	0
30009148,	0
30009147,	0
30009146,	0
30009145,	0
30009144,	0
30009143,	0
30009139,	0
30009138,	0
30009137,	0
30009136,	0
30009135,	0
30009133,	0
30009132,	0
30009130,	0
30009128,	0
30009127,	0
30009123,	0
30009122,	0
30009120,	0
30009182,	0
30009181,	0
30009178,	0
30009176,	0
30009175,	0
30009174,	0
30009173,	0
30009171,	0
30009169,	0
30009168,	0
30009167,	0
30009166,	0
30009165,	0
30009164,	0
30009162,	0
30009160,	0
30009155,	0
30009152,	0
30009215,	0
30009214,	0
30009212,	0
30009210,	0
30009209,	0
30009208,	0
30009207,	0
30009206,	0
30009203,	0
30009201,	0
30009199,	0
30009198,	0
30009196,	0
30009195,	0
30009194,	0
30009193,	0
30009192,	0
30009191,	0
30009190,	0
30009187,	0
30009247,	0
30009245,	0
30009244,	0
30009242,	0
30009241,	0
30009240,	0
30009239,	0
30009235,	0
30009234,	0
30009233,	0
30009232,	0
30009231,	0
30009229,	0
30009228,	0
30009226,	0
30009224,	0
30009223,	0
30009219,	0
30009217,	0
30009216,	0
30009278,	0
30009276,	0
30009274,	0
30009273,	0
30009271,	0
30009270,	0
30009269,	0
30009267,	0
30009266,	0
30009265,	0
30009264,	0
30009263,	0
30009262,	0
30009261,	0
30009260,	0
30009257,	0
30009256,	0
30009254,	0
30009251,	0
30009250,	0
30009249,	0
30009311,	194
30009310,	0
30009309,	0
30009308,	0
30009307,	0
30009306,	0
30009304,	0
30009303,	0
30009302,	0
30009299,	0
30009298,	0
30009297,	0
30009295,	0
30009294,	0
30009293,	0
30009292,	0
30009290,	0
30009289,	0
30009288,	0
30009284,	0
30009283,	0
30009282,	0
30009281,	0
30009280,	0
30009343,	0
30009341,	0
30009340,	0
30009338,	0
30009337,	0
30009336,	0
30009335,	0
30009334,	0
30009330,	0
30009329,	0
30009327,	0
30009326,	0
30009325,	0
30009324,	0
30009323,	0
30009322,	0
30009321,	0
30009319,	0
30009318,	0
30009315,	0
30009313,	0
30009312,	0
30009375,	0
30009374,	0
30009372,	0
30009370,	0
