30012708,	0
30012707,	0
30012705,	0
30012704,	0
30012765,	0
30012764,	0
30012761,	0
30012759,	0
30012758,	0
30012757,	0
30012756,	0
30012754,	0
30012753,	0
30012752,	14
30012751,	0
30012750,	0
30012749,	0
30012748,	0
30012747,	0
30012744,	0
30012743,	0
30012742,	0
30012741,	0
30012740,	0
30012738,	0
30012737,	0
30012799,	0
30012795,	0
30012794,	0
30012791,	0
30012785,	0
30012784,	0
30012783,	0
30012781,	0
30012780,	0
30012777,	0
30012776,	0
30012775,	0
30012774,	0
30012773,	0
30012772,	0
30012771,	0
30012770,	0
30012768,	0
30012830,	0
30012828,	0
30012824,	0
30012823,	0
30012820,	0
30012819,	0
30012818,	0
30012816,	0
30012814,	6
30012812,	0
30012811,	0
30012809,	84
30012808,	0
30012806,	0
30012803,	0
30012863,	70
30012862,	0
30012860,	0
30012859,	0
30012858,	96
30012851,	0
30012849,	0
30012848,	0
30012846,	0
30012844,	0
30012840,	0
30012839,	0
30012837,	0
30012836,	0
30012835,	0
30012832,	0
30012895,	0
30012894,	0
30012893,	0
30012892,	0
30012889,	0
30012888,	196
30012887,	0
30012880,	0
30012878,	196
30012875,	0
30012874,	0
30012873,	0
30012872,	0
30012867,	0
30012866,	0
30012865,	0
30012864,	0
30012927,	0
30012926,	0
30012925,	0
30012924,	0
30012923,	196
30012919,	0
30012918,	0
30012915,	0
30012908,	0
30012907,	196
30012906,	0
30012904,	0
30012899,	0
30012896,	0
30012958,	0
30012957,	0
30012954,	0
30012952,	0
30012947,	0
30012946,	0
30012944,	0
30012943,	0
30012942,	196
30012940,	0
30012937,	196
30012935,	0
30012934,	196
30012933,	0
30012931,	0
30012929,	14
30012991,	0
30012989,	0
30012986,	0
30012985,	0
30012984,	0
30012983,	0
30012979,	0
30012978,	0
30012977,	0
30012974,	0
30012972,	0
30012970,	0
30012969,	168
30012968,	0
30012967,	0
30012966,	0
30012963,	0
30012961,	0
30012960,	0
30013055,	0
30013054,	0
30013053,	0
30013052,	0
30013051,	0
30013050,	0
30013048,	0
30013047,	0
30013045,	0
30013043,	0
30013042,	0
30013040,	0
30013036,	196
30013034,	0
30013032,	0
30013031,	0
30013027,	0
30013026,	0
30013024,	0
30013085,	0
30013084,	0
30013082,	0
30013081,	0
