30016989,	0
30016988,	0
30016985,	0
30016984,	0
30016983,	0
30016976,	0
30016974,	0
30016971,	0
30016970,	196
30016969,	0
30016968,	0
30016963,	0
30016962,	0
30016961,	0
30016960,	0
30017023,	0
30017022,	0
30017021,	0
30017020,	0
30017019,	0
30017015,	0
30017014,	0
30017011,	0
30017004,	0
30017003,	0
30017002,	168
30017000,	0
30016995,	0
30016992,	0
30017054,	0
30017053,	0
30017050,	0
30017048,	168
30017043,	0
30017042,	0
30017040,	0
30017039,	0
30017038,	0
30017036,	0
30017033,	196
30017031,	0
30017030,	0
30017029,	0
30017027,	0
30017025,	0
30017087,	0
30017085,	0
30017082,	0
30017081,	0
30017080,	168
30017079,	0
30017075,	0
30017074,	0
30017073,	0
30017070,	0
30017068,	0
30017066,	0
30017065,	0
30017064,	0
30017063,	0
30017062,	196
30017059,	0
30017057,	0
30017056,	0
30017151,	0
30017150,	0
30017149,	0
30017148,	0
30017147,	0
30017146,	0
30017144,	0
30017143,	0
30017141,	0
30017139,	0
30017138,	0
30017136,	0
30017132,	0
30017130,	0
30017128,	0
30017127,	0
30017123,	0
30017122,	0
30017120,	0
30017181,	0
30017180,	0
30017178,	0
30017177,	0
30017171,	0
30017168,	0
30017167,	0
30017166,	0
30017165,	0
30017164,	0
30017162,	0
30017161,	0
30017159,	0
30017158,	0
30017156,	0
30017154,	0
30017153,	0
30017152,	0
30017215,	0
30017214,	0
30017213,	0
30017211,	0
30017210,	0
30017209,	0
30017208,	0
30017207,	0
30017203,	0
30017202,	0
30017201,	0
30017200,	0
30017199,	0
30017198,	0
30017197,	0
30017196,	0
30017194,	0
30017193,	0
30017191,	0
30017187,	0
30017185,	0
30017247,	0
30017245,	0
30017244,	0
30017242,	0
30017241,	0
30017240,	0
30017239,	0
30017235,	0
30017234,	0
30017229,	0
30017228,	0
30017226,	0
30017225,	0
30017224,	0
30017223,	0
30017222,	0
30017217,	0
30017216,	0
30017279,	0
30017278,	0
30017277,	0
30017276,	0
30017273,	0
30017272,	0
30017271,	0
30017270,	0
30017267,	0
30017264,	0
30017262,	0
30017261,	0
30017260,	0
30017257,	0
30017256,	0
30017255,	0
30017254,	0
30017253,	0
30017252,	0
30017251,	0
30017249,	0
30017248,	0
30017311,	0
30017310,	0
