30024848,	0
30024847,	96
30024846,	0
30024844,	0
30024842,	0
30024841,	0
30024838,	0
30024836,	0
30024835,	0
30024833,	94
30024832,	0
30024894,	0
30024893,	0
30024892,	0
30024891,	0
30024889,	0
30024887,	0
30024884,	0
30024883,	0
30024882,	0
30024881,	0
30024880,	0
30024879,	0
30024877,	0
30024876,	0
30024875,	0
30024874,	0
30024873,	0
30024871,	0
30024870,	0
30024869,	0
30024866,	0
30024865,	0
30024864,	0
30024924,	0
30024922,	0
30024921,	0
30024919,	0
30024916,	0
30024914,	0
30024910,	0
30024909,	0
30024907,	0
30024906,	0
30024903,	0
30024902,	0
30024897,	0
30024956,	0
30024955,	0
30024951,	0
30024950,	0
30024948,	0
30024947,	0
30024946,	0
30024945,	0
30024944,	0
30024943,	0
30024942,	0
30024941,	0
30024933,	0
30024932,	0
30024930,	0
30024928,	0
30024991,	0
30024989,	0
30024988,	0
30024985,	0
30024983,	0
30024982,	0
30024980,	0
30024979,	0
30024978,	0
30024977,	0
30024972,	0
30024970,	96
30024969,	0
30024964,	0
30024961,	0
30025023,	96
30025022,	0
30025021,	0
30025019,	0
30025013,	0
30025012,	0
30025010,	0
30025007,	0
30025006,	0
30025005,	0
30025004,	0
30025003,	0
30025002,	0
30025001,	28
30025000,	196
30024997,	0
30024996,	0
30024995,	0
30024993,	0
30024992,	0
30025053,	0
30025052,	0
30025049,	0
30025047,	0
30025046,	0
30025045,	0
30025044,	0
30025042,	0
30025041,	0
30025040,	0
30025039,	0
30025038,	0
30025037,	0
30025036,	0
30025035,	0
30025032,	0
30025031,	0
30025030,	196
30025029,	0
30025028,	0
30025026,	0
30025025,	0
30025087,	0
30025083,	0
30025082,	0
30025079,	0
30025073,	0
30025072,	14
30025071,	0
30025069,	0
30025068,	0
30025065,	0
30025064,	56
30025063,	0
30025062,	182
30025061,	0
30025060,	0
30025059,	0
30025058,	0
30025056,	0
30025118,	0
30025116,	0
30025112,	0
30025111,	0
30025108,	0
30025107,	0
30025106,	0
30025104,	0
30025102,	14
30025100,	0
30025099,	0
30025097,	84
30025096,	0
30025094,	0
30025091,	0
30025151,	0
30025150,	0
30025148,	0
30025147,	0
30025146,	96
30025139,	0
30025137,	0
30025136,	0
30025134,	0
