30033705,	0
30033703,	0
30033702,	0
30033697,	0
30033759,	0
30033757,	0
30033756,	0
30033755,	0
30033751,	0
30033750,	0
30033749,	0
30033746,	0
30033745,	0
30033743,	0
30033737,	0
30033735,	0
30033733,	0
30033731,	0
30033730,	0
30033728,	0
30033791,	0
30033790,	0
30033789,	0
30033788,	0
30033787,	0
30033786,	0
30033785,	0
30033784,	0
30033782,	0
30033781,	0
30033779,	0
30033778,	0
30033777,	0
30033774,	0
30033772,	0
30033771,	0
30033770,	0
30033769,	0
30033767,	0
30033766,	0
30033765,	0
30033764,	0
30033763,	0
30033762,	0
30033761,	0
30033823,	0
30033822,	0
30033821,	0
30033820,	0
30033819,	0
30033818,	0
30033817,	0
30033813,	0
30033811,	0
30033810,	0
30033806,	0
30033804,	0
30033803,	0
30033799,	0
30033798,	0
30033797,	0
30033796,	0
30033795,	0
30033794,	0
30033793,	0
30033792,	0
30033855,	0
30033854,	0
30033853,	0
30033852,	0
30033851,	0
30033850,	0
30033849,	0
30033848,	0
30033847,	0
30033846,	0
30033845,	0
30033844,	0
30033843,	0
30033842,	0
30033841,	0
30033838,	0
30033837,	0
30033836,	0
30033835,	0
30033833,	0
30033831,	0
30033830,	0
30033829,	0
30033828,	0
30033826,	0
30033825,	0
30033887,	0
30033885,	0
30033882,	0
30033881,	0
30033877,	0
30033876,	0
30033875,	0
30033868,	0
30033866,	0
30033865,	0
30033863,	0
30033862,	0
30033861,	0
30033859,	0
30033858,	0
30033857,	0
30033856,	0
30033919,	0
30033918,	0
30033917,	0
30033915,	0
30033914,	0
30033912,	0
30033911,	0
30033909,	0
30033906,	0
30033905,	0
30033903,	0
30033902,	0
30033901,	0
30033900,	0
30033897,	0
30033895,	0
30033894,	0
30033893,	0
30033891,	0
30033890,	0
30033889,	0
30033951,	0
30033950,	0
30033949,	0
30033948,	0
30033945,	0
30033943,	0
30033942,	0
30033941,	0
30033940,	0
30033939,	0
30033938,	0
30033937,	0
30033935,	0
30033934,	0
30033932,	0
30033929,	0
30033927,	0
30033926,	0
30033925,	0
30033924,	0
30033923,	0
30033922,	0
30033921,	0
30033920,	0
30033983,	0
30033982,	0
30033981,	0
30033980,	0
30033979,	0
30033978,	0
30033977,	0
30033976,	0
30033975,	0
