30037779,	0
30037777,	0
30037776,	0
30037775,	0
30037772,	0
30037771,	0
30037770,	0
30037769,	0
30037767,	0
30037766,	0
30037765,	0
30037763,	0
30037762,	0
30037761,	0
30037760,	0
30037823,	0
30037821,	0
30037820,	0
30037819,	0
30037818,	0
30037816,	0
30037815,	0
30037813,	0
30037812,	0
30037810,	0
30037807,	0
30037806,	0
30037805,	0
30037804,	0
30037801,	0
30037799,	0
30037798,	0
30037793,	0
30037855,	0
30037853,	0
30037852,	0
30037851,	0
30037847,	0
30037846,	0
30037845,	0
30037842,	0
30037841,	0
30037839,	0
30037833,	0
30037831,	0
30037829,	0
30037827,	0
30037826,	0
30037824,	0
30037887,	0
30037886,	0
30037885,	0
30037884,	0
30037883,	0
30037882,	0
30037881,	0
30037880,	0
30037878,	0
30037877,	0
30037875,	0
30037874,	0
30037873,	0
30037870,	0
30037868,	0
30037867,	0
30037866,	0
30037865,	0
30037863,	0
30037862,	0
30037861,	0
30037860,	0
30037859,	0
30037858,	0
30037857,	0
30037919,	0
30037918,	0
30037917,	0
30037916,	0
30037915,	0
30037914,	0
30037913,	0
30037909,	0
30037907,	0
30037906,	0
30037902,	0
30037900,	0
30037899,	0
30037895,	0
30037894,	0
30037893,	0
30037892,	0
30037891,	0
30037890,	0
30037889,	0
30037888,	0
30037951,	0
30037950,	0
30037949,	0
30037948,	0
30037947,	0
30037946,	0
30037945,	0
30037944,	0
30037943,	0
30037942,	0
30037941,	0
30037940,	0
30037939,	0
30037938,	0
30037937,	0
30037934,	0
30037933,	0
30037932,	0
30037931,	0
30037929,	0
30037927,	0
30037926,	0
30037925,	0
30037924,	0
30037922,	0
30037921,	0
30037983,	0
30037981,	0
30037978,	0
30037977,	0
30037973,	0
30037972,	0
30037971,	0
30037964,	0
30037962,	0
30037961,	0
30037959,	0
30037958,	0
30037957,	0
30037955,	0
30037954,	0
30037953,	0
30037952,	0
30038015,	0
30038014,	0
30038013,	0
30038011,	0
30038010,	0
30038008,	0
30038007,	0
30038005,	0
30038002,	0
30038001,	0
30037999,	0
30037998,	0
30037997,	0
30037996,	0
30037993,	0
30037991,	0
30037990,	0
30037989,	0
30037987,	0
30037986,	0
30037985,	0
30038047,	0
30038046,	0
30038045,	0
30038044,	0
