30044969,	0
30044968,	0
30044967,	0
30044966,	0
30044965,	0
30044964,	0
30044963,	0
30044962,	0
30044960,	0
30045023,	0
30045022,	0
30045021,	0
30045020,	0
30045019,	0
30045016,	0
30045015,	0
30045014,	0
30045012,	0
30045010,	0
30045009,	0
30045008,	0
30045007,	0
30045006,	0
30045005,	0
30045004,	0
30045003,	0
30045002,	0
30045000,	0
30044999,	0
30044998,	0
30044997,	0
30044996,	0
30044995,	0
30044994,	0
30045055,	0
30045054,	0
30045053,	0
30045052,	0
30045051,	0
30045050,	0
30045049,	0
30045048,	0
30045047,	0
30045046,	0
30045045,	0
30045044,	0
30045043,	0
30045042,	0
30045040,	0
30045039,	0
30045038,	0
30045037,	0
30045036,	0
30045035,	0
30045034,	0
30045032,	0
30045031,	0
30045030,	0
30045029,	0
30045028,	0
30045027,	0
30045026,	0
30045025,	0
30045024,	0
30045087,	0
30045086,	0
30045084,	112
30045082,	0
30045081,	0
30045079,	0
30045078,	0
30045077,	0
30045076,	0
30045075,	0
30045072,	0
30045071,	0
30045070,	52
30045069,	0
30045068,	0
30045067,	0
30045062,	130
30045059,	0
30045058,	0
30045057,	0
30045056,	0
30045118,	0
30045116,	0
30045114,	0
30045113,	0
30045112,	0
30045111,	0
30045110,	0
30045109,	0
30045107,	0
30045105,	0
30045102,	0
30045100,	0
30045099,	0
30045098,	0
30045097,	0
30045096,	0
30045094,	0
30045092,	0
30045091,	130
30045090,	0
30045088,	0
30045151,	0
30045148,	84
30045146,	0
30045145,	0
30045143,	0
30045142,	0
30045141,	0
30045140,	0
30045135,	0
30045134,	0
30045132,	0
30045126,	0
30045122,	0
30045121,	0
30045120,	0
30045180,	0
30045178,	0
30045177,	0
30045175,	0
30045174,	0
30045171,	0
30045169,	0
30045166,	0
30045164,	0
30045163,	0
30045162,	0
30045160,	0
30045158,	0
30045155,	0
30045154,	0
30045152,	0
30045215,	0
30045214,	0
30045212,	0
30045210,	0
30045209,	0
30045208,	0
30045207,	0
30045206,	0
30045205,	0
30045204,	0
30045203,	0
30045202,	0
30045199,	0
30045198,	0
30045197,	0
30045196,	0
30045195,	0
30045192,	0
30045244,	0
30045242,	0
30045240,	0
30045239,	0
30045238,	0
30045236,	0
30045235,	0
30045232,	0
