30053925,	0
30053923,	0
30053922,	196
30053921,	196
30053920,	0
30054015,	0
30054014,	0
30054013,	196
30054012,	0
30054011,	0
30054010,	0
30054009,	0
30054008,	0
30054007,	0
30054005,	0
30054003,	0
30053999,	0
30053998,	0
30053994,	0
30053993,	0
30053991,	0
30053989,	0
30053987,	0
30053985,	0
30054047,	0
30054045,	0
30054044,	0
30054043,	0
30054042,	0
30054041,	0
30054039,	0
30054037,	0
30054035,	0
30054034,	0
30054031,	0
30054029,	0
30054027,	0
30054026,	0
30054025,	0
30054023,	0
30054021,	0
30054019,	0
30054018,	196
30054017,	196
30054016,	0
30054079,	0
30054078,	196
30054077,	196
30054076,	0
30054075,	0
30054074,	0
30054072,	0
30054071,	0
30054070,	0
30054066,	0
30054063,	0
30054062,	0
30054061,	0
30054060,	0
30054059,	0
30054058,	0
30054057,	0
30054055,	0
30054053,	0
30054051,	0
30054049,	0
30054111,	0
30054109,	0
30054108,	0
30054106,	0
30054105,	0
30054103,	0
30054101,	0
30054100,	0
30054095,	0
30054094,	0
30054091,	0
30054090,	0
30054089,	0
30054087,	0
30054086,	0
30054085,	0
30054084,	0
30054083,	0
30054082,	196
30054081,	196
30054080,	0
30054143,	0
30054142,	196
30054141,	196
30054139,	0
30054136,	0
30054135,	0
30054134,	0
30054133,	0
30054131,	0
30054130,	0
30054129,	0
30054127,	0
30054124,	0
30054123,	0
30054121,	0
30054119,	0
30054115,	0
30054113,	0
30054175,	0
30054174,	0
30054173,	0
30054172,	0
30054170,	0
30054169,	0
30054168,	0
30054167,	0
30054166,	0
30054165,	0
30054164,	0
30054163,	0
30054161,	0
30054160,	0
30054159,	0
30054156,	0
30054155,	0
30054154,	0
30054153,	0
30054151,	0
30054150,	0
30054149,	0
30054147,	0
30054146,	196
30054145,	196
30054144,	0
30054207,	0
30054205,	0
30054204,	0
30054203,	0
30054202,	0
30054200,	0
30054199,	0
30054197,	0
30054196,	0
30054194,	0
30054191,	0
30054190,	0
30054189,	0
30054188,	0
30054185,	0
30054183,	0
30054182,	0
30054177,	0
30054239,	0
30054237,	0
30054236,	0
30054235,	0
30054231,	0
30054230,	0
30054229,	0
30054226,	0
30054225,	0
30054223,	0
30054217,	0
30054215,	0
30054213,	0
30054211,	0
30054210,	0
