30058961,	0
30058958,	0
30058956,	0
30058953,	0
30058952,	0
30058950,	0
30058948,	0
30058946,	0
30058945,	0
30058944,	0
30059002,	0
30058993,	0
30058991,	0
30058978,	0
30059033,	0
30059009,	0
30059008,	0
30061279,	0
30061277,	0
30061276,	0
30061275,	0
30061271,	0
30061270,	0
30061269,	0
30061268,	0
30061267,	0
30061266,	196
30061265,	0
30061263,	0
30061262,	0
30061261,	0
30061259,	0
30061258,	0
30061255,	0
30061253,	0
30061252,	0
30061251,	0
30061250,	0
30061311,	0
30061310,	0
30061309,	0
30061308,	0
30061307,	0
30061306,	0
30061305,	0
30061304,	0
30061303,	0
30061302,	0
30061301,	0
30061300,	0
30061299,	0
30061298,	0
30061297,	0
30061296,	0
30061295,	0
30061294,	0
30061293,	0
30061292,	0
30061291,	0
30061290,	0
30061289,	0
30061288,	0
30061287,	0
30061286,	0
30061285,	0
30061284,	0
30061283,	0
30061282,	0
30061281,	0
30061280,	0
30061343,	0
30061342,	0
30061341,	0
30061339,	0
30061338,	52
30061337,	0
30061335,	0
30061334,	0
30061333,	0
30061332,	0
30061331,	0
30061330,	0
30061329,	0
30061327,	0
30061326,	0
30061325,	0
30061324,	0
30061323,	0
30061322,	0
30061321,	0
30061319,	0
30061318,	0
30061317,	0
30061316,	0
30061315,	0
30061313,	0
30061375,	0
30061374,	0
30061373,	0
30061372,	0
30061371,	0
30061370,	0
30061367,	0
30061366,	0
30061365,	0
30061364,	0
30061363,	0
30061362,	0
30061361,	0
30061360,	0
30061359,	0
30061358,	0
30061357,	0
30061356,	0
30061355,	0
30061354,	0
30061353,	0
30061352,	0
30061351,	0
30061350,	0
30061349,	0
30061348,	0
30061347,	0
30061346,	0
30061345,	0
30061407,	0
30061406,	0
30061405,	0
30061404,	0
30061402,	0
30061401,	0
30061399,	0
30061398,	0
30061397,	0
30061395,	0
30061393,	0
30061392,	0
30061391,	0
30061390,	0
30061389,	0
30061388,	0
30061387,	0
30061386,	0
30061385,	0
30061383,	0
30061382,	0
30061381,	0
30061380,	0
30061379,	0
30061378,	0
30061439,	0
30061438,	0
30061437,	0
30061436,	0
30061435,	0
30061434,	0
30061433,	0
30061432,	0
30061431,	0
30061430,	0
30061429,	0
30061428,	0
30061427,	0
30061426,	0
