30078652,	0
30078651,	0
30078650,	0
30078649,	0
30078648,	0
30078647,	0
30078646,	0
30078645,	0
30078644,	0
30078643,	0
30078642,	0
30078641,	0
30078640,	0
30078639,	0
30078638,	196
30078637,	0
30078636,	0
30078635,	0
30078634,	0
30078633,	0
30078632,	0
30078631,	0
30078630,	0
30078629,	0
30078628,	0
30078627,	0
30078626,	0
30078625,	0
30078624,	0
30078687,	0
30078686,	0
30078685,	0
30078684,	0
30078683,	0
30078682,	0
30078681,	0
30078680,	0
30078679,	0
30078678,	0
30078677,	0
30078676,	0
30078675,	0
30078674,	0
30078673,	0
30078672,	0
30078671,	0
30078670,	0
30078669,	0
30078668,	0
30078667,	0
30078666,	0
30078665,	0
30078664,	0
30078663,	0
30078662,	0
30078661,	182
30078660,	0
30078659,	0
30078658,	0
30078657,	0
30078656,	0
30078719,	0
30078718,	0
30078717,	0
30078716,	0
30078715,	0
30078714,	0
30078713,	0
30078712,	0
30078711,	0
30078710,	0
30078709,	0
30078708,	0
30078707,	0
30078706,	0
30078705,	0
30078704,	0
30078703,	0
30078702,	0
30078701,	0
30078700,	0
30078699,	0
30078698,	182
30078697,	0
30078696,	0
30078695,	0
30078694,	0
30078693,	0
30078692,	0
30078691,	0
30078690,	0
30078689,	0
30078688,	0
30078751,	0
30078750,	0
30078749,	0
30078748,	0
30078747,	0
30078746,	0
30078745,	0
30078744,	0
30078743,	0
30078742,	0
30078741,	0
30078740,	0
30078739,	0
30078738,	0
30078737,	0
30078736,	0
30078735,	0
30078734,	0
30078733,	196
30078732,	196
30078731,	0
30078730,	0
30078729,	182
30078728,	0
30078727,	0
30078726,	0
30078725,	0
30078724,	0
30078723,	0
30078722,	0
30078721,	0
30078720,	0
30078783,	0
30078782,	0
30078781,	0
30078780,	0
30078779,	0
30078778,	0
30078777,	0
30078776,	0
30078775,	0
30078774,	0
30078773,	182
30078772,	0
30078771,	0
30078770,	0
30078769,	0
30078768,	0
30078767,	0
30078766,	0
30078765,	0
30078764,	0
30078763,	0
30078762,	182
30078761,	0
30078760,	0
30078759,	0
30078758,	0
30078757,	0
30078756,	0
30078755,	0
30078754,	0
30078753,	0
30078752,	0
30078815,	0
30078814,	0
30078813,	0
30078812,	0
30078811,	0
30078810,	0
30078809,	0
