30078808,	0
30078807,	0
30078806,	0
30078805,	0
30078804,	0
30078803,	0
30078802,	0
30078801,	0
30078800,	0
30078799,	0
30078798,	0
30078797,	0
30078796,	0
30078795,	0
30078794,	0
30078793,	0
30078792,	0
30078791,	0
30078790,	0
30078789,	0
30078788,	0
30078787,	0
30078786,	0
30078785,	0
30078784,	0
30078847,	0
30078846,	0
30078845,	0
30078844,	0
30078843,	0
30078842,	0
30078841,	0
30078840,	0
30078839,	0
30078838,	0
30078837,	0
30078836,	0
30078835,	0
30078834,	0
30078833,	0
30078832,	0
30078831,	0
30078830,	0
30078829,	0
30078828,	0
30078827,	0
30078826,	0
30078825,	0
30078824,	0
30078823,	196
30078822,	182
30078821,	196
30078820,	0
30078819,	0
30078818,	0
30078817,	0
30078816,	0
30078879,	0
30078878,	0
30078877,	0
30078876,	0
30078875,	0
30078874,	0
30078873,	0
30078872,	0
30078871,	0
30078870,	0
30078869,	0
30078868,	0
30078867,	0
30078866,	0
30078865,	0
30078864,	0
30078863,	0
30078862,	0
30078861,	0
30078860,	0
30078859,	196
30078858,	196
30078857,	182
30078856,	0
30078855,	0
30078854,	0
30078853,	0
30078852,	0
30078851,	0
30078850,	0
30078849,	0
30078848,	0
30078911,	0
30078910,	0
30078909,	196
30078908,	196
30078907,	0
30078906,	0
30078905,	0
30078904,	0
30078903,	0
30078902,	0
30078901,	182
30078900,	0
30078899,	0
30078898,	0
30078897,	0
30078896,	0
30078895,	0
30078894,	0
30078893,	0
30078892,	0
30078891,	196
30078890,	0
30078889,	0
30078888,	0
30078887,	0
30078886,	0
30078885,	0
30078884,	0
30078883,	0
30078882,	0
30078881,	0
30078880,	0
30078943,	0
30078942,	0
30078941,	0
30078940,	0
30078939,	0
30078938,	0
30078937,	0
30078936,	0
30078935,	0
30078934,	0
30078933,	0
30078932,	0
30078931,	0
30078930,	0
30078929,	0
30078928,	0
30078927,	0
30078926,	0
30078925,	0
30078924,	0
30078923,	0
30078922,	0
30078921,	0
30078920,	0
30078919,	0
30078918,	0
30078917,	0
30078916,	0
30078915,	0
30078914,	0
30078913,	0
30078912,	0
30078975,	0
30078974,	0
30078973,	0
30078972,	0
30078971,	0
30078970,	0
30078969,	0
30078968,	0
30078967,	0
30078966,	0
