30079122,	0
30079121,	0
30079120,	0
30079119,	0
30079118,	0
30079117,	0
30079116,	0
30079115,	0
30079114,	0
30079113,	0
30079112,	0
30079111,	0
30079110,	0
30079109,	0
30079108,	0
30079107,	0
30079106,	0
30079105,	0
30079104,	0
30079167,	0
30079166,	0
30079165,	0
30079164,	0
30079163,	0
30079162,	0
30079161,	0
30079160,	0
30079159,	0
30079158,	0
30079157,	0
30079156,	0
30079155,	0
30079154,	0
30079153,	0
30079152,	0
30079151,	0
30079150,	0
30079149,	0
30079148,	0
30079147,	0
30079146,	160
30079145,	0
30079144,	0
30079143,	0
30079142,	0
30079141,	0
30079140,	0
30079139,	0
30079138,	0
30079137,	160
30079136,	0
30079183,	0
30079182,	0
30079181,	0
30079180,	0
30079179,	0
30079178,	0
30079177,	0
30079176,	0
30079175,	0
30079174,	0
30079173,	0
30079172,	0
30079171,	0
30079170,	0
30079169,	0
30079168,	0
30079231,	0
30079230,	0
30079229,	0
30079228,	0
30079227,	0
30079226,	0
30079225,	0
30079224,	0
30079223,	0
30079222,	0
30079221,	0
30079220,	0
30079219,	0
30079218,	0
30079217,	0
30079216,	0
30079215,	0
30079214,	0
30079213,	0
30079212,	0
30079211,	0
30079210,	0
30079209,	0
30079208,	0
30079207,	0
30079206,	0
30079205,	0
30079204,	0
30079203,	0
30079202,	0
30079201,	0
30079200,	0
30079263,	0
30079262,	0
30079261,	0
30079260,	0
30079259,	0
30079258,	0
30079257,	0
30079256,	0
30079255,	0
30079254,	0
30079253,	0
30079252,	0
30079251,	0
30079250,	0
30079249,	0
30079248,	0
30079247,	0
30079246,	0
30079245,	0
30079244,	0
30079243,	0
30079242,	0
30079241,	0
30079240,	0
30079239,	0
30079238,	0
30079237,	0
30079236,	0
30079235,	0
30079234,	0
30079233,	0
30079232,	0
30079295,	0
30079294,	0
30079293,	0
30079292,	0
30079291,	0
30079290,	0
30079289,	0
30079288,	0
30079287,	0
30079286,	0
30079285,	0
30079284,	0
30079283,	0
30079282,	0
30079281,	0
30079280,	0
30079279,	0
30079278,	0
30079277,	0
30079276,	0
30079275,	0
30079274,	0
30079273,	0
30079272,	0
30079271,	0
30079270,	0
30079269,	0
30079268,	0
30079267,	0
30079266,	0
30079265,	0
30079264,	0
30079327,	0
