30082100,	0
30082099,	0
30082098,	0
30082097,	0
30082096,	0
30082095,	0
30082094,	0
30082093,	0
30082092,	0
30082091,	0
30082090,	0
30082089,	0
30082088,	0
30082087,	0
30082086,	0
30082085,	0
30082084,	0
30082083,	0
30082082,	0
30082081,	0
30082080,	0
30082143,	0
30082142,	0
30082141,	0
30082140,	0
30082139,	0
30082138,	0
30082137,	0
30082136,	140
30082135,	0
30082134,	0
30082133,	0
30082132,	0
30082131,	0
30082130,	0
30082129,	0
30082128,	94
30082127,	0
30082126,	0
30082125,	0
30082124,	0
30082123,	0
30082122,	0
30082121,	0
30082120,	0
30082119,	0
30082118,	0
30082117,	0
30082116,	0
30082115,	0
30082114,	0
30082113,	0
30082112,	0
30082159,	0
30082158,	0
30082157,	0
30082156,	0
30082155,	0
30082154,	0
30082153,	0
30082152,	0
30082151,	0
30082150,	0
30082149,	0
30082148,	0
30082147,	0
30082146,	0
30082145,	0
30082144,	0
30082207,	0
30082206,	0
30082205,	0
30082204,	0
30082203,	0
30082202,	0
30082201,	0
30082200,	0
30082199,	0
30082198,	0
30082197,	0
30082196,	0
30082195,	0
30082194,	0
30082193,	0
30082192,	94
30082191,	0
30082190,	0
30082189,	0
30082188,	0
30082187,	0
30082186,	0
30082185,	0
30082184,	68
30082183,	0
30082182,	0
30082181,	0
30082180,	0
30082179,	0
30082178,	0
30082177,	0
30082176,	0
30082239,	0
30082238,	0
30082237,	0
30082236,	0
30082235,	0
30082234,	0
30082233,	0
30082232,	0
30082231,	0
30082230,	0
30082229,	0
30082228,	0
30082227,	0
30082226,	0
30082225,	0
30082224,	0
30082223,	0
30082222,	0
30082221,	0
30082220,	0
30082219,	0
30082218,	0
30082217,	0
30082216,	92
30082215,	0
30082214,	0
30082213,	0
30082212,	0
30082211,	0
30082210,	0
30082209,	0
30082208,	0
30082271,	0
30082270,	0
30082269,	0
30082268,	0
30082267,	0
30082266,	0
30082265,	0
30082264,	0
30082263,	0
30082262,	0
30082261,	0
30082260,	0
30082259,	0
30082258,	0
30082257,	0
30082256,	0
30082255,	0
30082254,	0
30082253,	0
30082252,	0
30082251,	0
30082250,	0
30082249,	0
30082248,	0
30082247,	0
30082246,	0
30082245,	0
30082244,	0
30082243,	0
30082242,	0
30082241,	0
