30090472,	28
30090471,	0
30090470,	0
30090469,	0
30090468,	0
30090467,	0
30090466,	0
30090465,	0
30090464,	0
30090526,	0
30090523,	0
30090522,	0
30090521,	0
30090520,	0
30090519,	0
30090518,	0
30090517,	0
30090516,	0
30090515,	0
30090514,	0
30090513,	0
30090512,	182
30090508,	0
30090507,	0
30090506,	0
30090505,	0
30090504,	0
30090503,	0
30090502,	0
30090500,	0
30090499,	196
30090498,	0
30090497,	0
30090496,	196
30090554,	0
30090543,	0
30090542,	0
30090541,	0
30090540,	0
30090539,	0
30090536,	0
30090535,	0
30090534,	0
30090533,	0
30090532,	0
30090531,	0
30090530,	0
30090529,	0
30090528,	0
30090590,	0
30090587,	0
30090586,	0
30090585,	0
30090584,	0
30090583,	42
30090582,	42
30090581,	14
30090580,	14
30090577,	42
30090576,	28
30090575,	28
30090574,	0
30090572,	0
30090571,	0
30090568,	0
30090567,	0
30090566,	0
30090564,	0
30090563,	150
30090562,	150
30090561,	0
30090560,	162
30090618,	0
30090617,	56
30090616,	0
30090612,	56
30090611,	56
30090609,	56
30090608,	28
30090607,	112
30090606,	56
30090605,	14
30090604,	56
30090603,	56
30090600,	56
30090594,	0
30090592,	0
30090647,	196
30090646,	196
30090645,	0
30090644,	0
30090641,	0
30090640,	0
30090639,	84
30090637,	112
30090635,	0
30090632,	0
30090631,	0
30090630,	196
30090628,	0
30090682,	0
30090681,	196
30090680,	0
30090676,	196
30090675,	0
30090673,	0
30090672,	0
30090671,	0
30090670,	0
30090669,	0
30090668,	0
30090667,	196
30090664,	196
30090658,	0
30090711,	196
30090710,	196
30090709,	0
30090708,	0
30090705,	0
30090704,	0
30090703,	0
30090701,	196
30090699,	0
30090696,	0
30090695,	0
30090694,	196
30090692,	0
30090745,	196
30090744,	0
30090740,	196
30090739,	0
30090737,	0
30090736,	0
30090735,	0
30090734,	0
30090733,	0
30090732,	0
30090731,	196
30090728,	196
30090782,	0
30090779,	196
30090778,	0
30090777,	0
30090776,	0
30090775,	196
30090774,	196
30090773,	0
30090772,	0
30090769,	196
30090768,	196
30090767,	0
30090765,	196
30090764,	0
30090763,	0
30090760,	0
30090759,	0
30090758,	196
30090756,	0
30090755,	0
30090754,	0
30090753,	0
30090752,	196
