30098124,	0
30098123,	0
30098122,	0
30098121,	0
30098120,	0
30098119,	0
30098118,	0
30098117,	0
30098116,	0
30098115,	0
30098114,	0
30098113,	0
30098112,	0
30098175,	0
30098174,	0
30098173,	0
30098172,	0
30098171,	0
30098170,	0
30098169,	0
30098168,	0
30098167,	0
30098166,	0
30098165,	0
30098164,	0
30098163,	0
30098162,	0
30098161,	0
30098160,	0
30098159,	0
30098158,	0
30098157,	0
30098156,	0
30098155,	0
30098154,	0
30098153,	0
30098152,	0
30098151,	0
30098150,	0
30098149,	0
30098148,	0
30098147,	0
30098146,	0
30098145,	0
30098144,	0
30098207,	0
30098206,	0
30098205,	0
30098204,	0
30098203,	0
30098202,	0
30098201,	0
30098200,	0
30098199,	0
30098198,	0
30098197,	0
30098196,	0
30098195,	0
30098194,	0
30098193,	0
30098192,	0
30098191,	0
30098190,	0
30098189,	0
30098188,	0
30098187,	0
30098186,	0
30098185,	0
30098184,	0
30098183,	0
30098182,	0
30098181,	0
30098180,	0
30098179,	0
30098178,	0
30098177,	0
30098176,	0
30098239,	0
30098238,	0
30098237,	0
30098236,	0
30098235,	0
30098234,	0
30098233,	0
30098232,	0
30098231,	0
30098230,	0
30098229,	0
30098228,	0
30098227,	0
30098226,	0
30098225,	0
30098224,	0
30098223,	0
30098222,	0
30098221,	0
30098220,	0
30098219,	0
30098218,	0
30098217,	0
30098216,	0
30098215,	0
30098214,	0
30098213,	0
30098212,	0
30098211,	0
30098210,	0
30098209,	0
30098208,	0
30098271,	0
30098270,	0
30098269,	0
30098268,	0
30098267,	0
30098266,	0
30098265,	0
30098264,	0
30098263,	0
30098262,	0
30098261,	0
30098260,	0
30098259,	0
30098258,	0
30098257,	0
30098256,	0
30098255,	0
30098254,	0
30098253,	0
30098252,	0
30098251,	0
30098250,	0
30098249,	0
30098248,	0
30098247,	0
30098246,	0
30098245,	0
30098244,	0
30098243,	0
30098242,	0
30098241,	0
30098240,	0
30098303,	0
30098302,	0
30098301,	0
30098300,	0
30098299,	0
30098298,	0
30098297,	0
30098296,	0
30098295,	0
30098294,	0
30098293,	0
30098292,	0
30098291,	0
30098290,	0
30098289,	0
30098288,	0
30098287,	0
30098286,	0
30098285,	0
30098284,	0
30098283,	0
30098282,	0
