30102230,	0
30102229,	0
30102228,	0
30102227,	0
30102226,	0
30102225,	0
30102224,	0
30102223,	0
30102222,	0
30102221,	0
30102220,	0
30102219,	0
30102218,	0
30102217,	0
30102216,	0
30102215,	0
30102214,	0
30102213,	0
30102212,	0
30102211,	0
30102210,	0
30102209,	0
30102208,	0
30102271,	0
30102270,	0
30102269,	0
30102268,	0
30102267,	0
30102266,	0
30102265,	0
30102264,	0
30102263,	0
30102262,	0
30102261,	0
30102260,	0
30102259,	0
30102258,	0
30102257,	0
30102256,	0
30102255,	0
30102254,	0
30102253,	0
30102252,	0
30102251,	0
30102250,	0
30102249,	0
30102248,	0
30102247,	0
30102246,	0
30102245,	0
30102244,	0
30102243,	0
30102242,	0
30102241,	0
30102240,	0
30102303,	0
30102302,	0
30102301,	0
30102300,	0
30102299,	0
30102298,	0
30102297,	0
30102296,	0
30102295,	0
30102294,	0
30102293,	0
30102292,	0
30102291,	0
30102290,	0
30102289,	0
30102288,	0
30102287,	0
30102286,	0
30102285,	0
30102284,	0
30102283,	39
30102282,	35
30102281,	0
30102280,	0
30102279,	0
30102278,	0
30102277,	0
30102276,	0
30102275,	0
30102274,	0
30102273,	0
30102272,	0
30102335,	0
30102334,	0
30102333,	0
30102332,	0
30102331,	0
30102330,	0
30102329,	0
30102328,	0
30102327,	0
30102326,	0
30102325,	0
30102324,	0
30102323,	0
30102322,	0
30102321,	0
30102320,	0
30102319,	0
30102318,	0
30102317,	0
30102316,	0
30102315,	0
30102314,	0
30102313,	0
30102312,	0
30102311,	0
30102310,	0
30102309,	0
30102308,	0
30102307,	0
30102306,	0
30102305,	0
30102304,	0
30102367,	0
30102366,	0
30102365,	0
30102364,	0
30102363,	0
30102362,	0
30102361,	0
30102360,	0
30102359,	0
30102358,	0
30102357,	0
30102356,	0
30102355,	0
30102354,	0
30102353,	0
30102352,	0
30102351,	0
30102350,	0
30102349,	0
30102348,	0
30102347,	0
30102346,	0
30102345,	0
30102344,	0
30102343,	0
30102342,	0
30102341,	0
30102340,	0
30102339,	0
30102338,	0
30102337,	0
30102336,	0
30102399,	0
30102398,	0
30102397,	0
30102396,	0
30102395,	0
30102394,	0
30102393,	0
30102392,	0
30102391,	0
30102390,	0
30102389,	0
30102388,	0
