30102700,	0
30102699,	0
30102698,	0
30102697,	0
30102696,	0
30102695,	0
30102694,	0
30102693,	0
30102692,	0
30102691,	0
30102690,	0
30102689,	0
30102688,	0
30102751,	0
30102750,	0
30102749,	0
30102748,	0
30102747,	0
30102746,	0
30102745,	0
30102744,	0
30102743,	0
30102742,	0
30102741,	0
30102740,	0
30102739,	0
30102738,	0
30102737,	0
30102736,	0
30102735,	0
30102734,	0
30102733,	0
30102732,	0
30102731,	0
30102730,	0
30102729,	0
30102728,	0
30102727,	0
30102726,	0
30102725,	0
30102724,	0
30102723,	0
30102722,	0
30102721,	0
30102720,	0
30102783,	0
30102782,	0
30102781,	0
30102780,	0
30102779,	0
30102778,	0
30102777,	0
30102776,	0
30102775,	0
30102774,	0
30102773,	0
30102772,	0
30102771,	0
30102770,	0
30102769,	0
30102768,	0
30102767,	0
30102766,	0
30102765,	0
30102764,	0
30102763,	0
30102762,	0
30102761,	0
30102760,	196
30102759,	0
30102758,	0
30102757,	0
30102756,	0
30102755,	0
30102754,	0
30102753,	0
30102752,	0
30102815,	0
30102814,	0
30102813,	0
30102812,	0
30102811,	0
30102810,	0
30102809,	0
30102808,	0
30102807,	0
30102806,	0
30102805,	0
30102804,	0
30102803,	0
30102802,	0
30102801,	0
30102800,	0
30102799,	0
30102798,	0
30102797,	182
30102796,	0
30102795,	0
30102794,	0
30102793,	0
30102792,	0
30102791,	0
30102790,	0
30102789,	196
30102788,	0
30102787,	0
30102786,	0
30102785,	0
30102784,	0
30102847,	0
30102846,	0
30102845,	0
30102844,	0
30102843,	0
30102842,	0
30102841,	0
30102840,	0
30102839,	0
30102838,	0
30102837,	0
30102836,	0
30102835,	0
30102834,	0
30102833,	0
30102832,	0
30102831,	0
30102830,	0
30102829,	0
30102828,	0
30102827,	0
30102826,	0
30102825,	0
30102824,	0
30102823,	0
30102822,	0
30102821,	0
30102820,	0
30102819,	0
30102818,	0
30102817,	0
30102816,	0
30102879,	0
30102878,	28
30102877,	14
30102876,	0
30102875,	42
30102874,	0
30102873,	0
30102872,	0
30102871,	28
30102870,	28
30102869,	0
30102868,	0
30102867,	28
30102866,	0
30102865,	0
30102864,	0
30102863,	0
30102862,	0
30102861,	0
30102860,	0
30102859,	0
30102858,	14
30102857,	0
