30106493,	0
30106492,	0
30106491,	0
30106490,	0
30106489,	0
30106488,	0
30106487,	0
30106486,	0
30106485,	0
30106484,	0
30106483,	0
30106482,	0
30106481,	0
30106480,	0
30106479,	0
30106478,	0
30106477,	0
30106476,	0
30106475,	0
30106474,	0
30106473,	0
30106472,	0
30106471,	0
30106470,	0
30106469,	0
30106468,	0
30106467,	0
30106466,	0
30106465,	0
30106464,	0
30106527,	0
30106526,	0
30106525,	0
30106524,	0
30106523,	0
30106522,	0
30106521,	0
30106520,	0
30106519,	0
30106518,	0
30106517,	0
30106516,	0
30106515,	0
30106514,	0
30106513,	0
30106512,	0
30106511,	0
30106510,	0
30106509,	0
30106508,	0
30106507,	0
30106506,	0
30106505,	0
30106504,	0
30106503,	0
30106502,	0
30106501,	0
30106500,	0
30106499,	0
30106498,	0
30106497,	0
30106496,	0
30106559,	0
30106558,	0
30106557,	0
30106556,	0
30106555,	0
30106554,	0
30106553,	0
30106552,	0
30106551,	0
30106550,	0
30106549,	0
30106548,	0
30106547,	0
30106546,	0
30106545,	0
30106544,	0
30106543,	0
30106542,	0
30106541,	0
30106540,	0
30106539,	0
30106538,	0
30106537,	0
30106536,	0
30106535,	0
30106534,	0
30106533,	0
30106532,	0
30106531,	0
30106530,	0
30106529,	0
30106528,	0
30106591,	0
30106590,	0
30106589,	0
30106588,	0
30106587,	0
30106586,	0
30106585,	0
30106584,	0
30106583,	0
30106582,	0
30106581,	0
30106580,	0
30106579,	0
30106578,	0
30106577,	0
30106576,	0
30106575,	0
30106574,	0
30106573,	0
30106572,	0
30106571,	0
30106570,	0
30106569,	0
30106568,	0
30106567,	0
30106566,	0
30106565,	0
30106564,	0
30106563,	0
30106562,	0
30106561,	0
30106560,	0
30106623,	0
30106622,	0
30106621,	0
30106620,	0
30106619,	0
30106618,	0
30106617,	0
30106616,	0
30106615,	0
30106614,	0
30106613,	0
30106612,	0
30106611,	0
30106610,	0
30106609,	0
30106608,	0
30106607,	0
30106606,	0
30106605,	0
30106604,	0
30106603,	0
30106602,	0
30106601,	0
30106600,	0
30106599,	0
30106598,	0
30106597,	0
30106596,	0
30106595,	0
30106594,	0
30106593,	0
30106592,	0
30106655,	0
30106654,	0
30106653,	0
30106652,	0
30106651,	0
30106650,	0
