30107464,	0
30107463,	0
30107462,	0
30107461,	0
30107460,	0
30107459,	0
30107458,	0
30107457,	0
30107456,	0
30107519,	0
30107518,	0
30107517,	0
30107516,	0
30107515,	196
30107514,	0
30107513,	0
30107512,	0
30107511,	0
30107510,	0
30107509,	0
30107508,	0
30107507,	196
30107506,	196
30107505,	0
30107504,	0
30107503,	0
30107502,	0
30107501,	0
30107500,	0
30107499,	0
30107498,	0
30107497,	0
30107496,	0
30107495,	0
30107494,	0
30107493,	0
30107492,	0
30107491,	0
30107490,	0
30107489,	0
30107488,	0
30107551,	0
30107550,	0
30107549,	0
30107548,	0
30107547,	0
30107546,	0
30107545,	0
30107544,	0
30107543,	0
30107542,	0
30107541,	0
30107540,	0
30107539,	0
30107538,	0
30107537,	0
30107536,	0
30107535,	0
30107534,	0
30107533,	196
30107532,	0
30107531,	0
30107530,	0
30107529,	0
30107528,	0
30107527,	0
30107526,	0
30107525,	196
30107524,	196
30107523,	0
30107522,	0
30107521,	0
30107520,	0
30107583,	0
30107582,	0
30107581,	0
30107580,	0
30107579,	0
30107578,	0
30107577,	0
30107576,	0
30107575,	0
30107574,	0
30107573,	0
30107572,	0
30107571,	0
30107570,	0
30107569,	0
30107568,	0
30107567,	0
30107566,	0
30107565,	0
30107564,	0
30107563,	0
30107562,	0
30107561,	0
30107560,	0
30107559,	0
30107558,	0
30107557,	0
30107556,	0
30107555,	0
30107554,	0
30107553,	0
30107552,	0
30107615,	0
30107614,	0
30107613,	0
30107612,	0
30107611,	0
30107610,	0
30107609,	0
30107608,	0
30107607,	0
30107606,	0
30107605,	0
30107604,	0
30107603,	0
30107602,	0
30107601,	0
30107600,	0
30107599,	0
30107598,	0
30107597,	0
30107596,	0
30107595,	0
30107594,	0
30107593,	0
30107592,	0
30107591,	0
30107590,	0
30107589,	0
30107588,	0
30107587,	0
30107586,	0
30107585,	0
30107584,	0
30107647,	0
30107646,	0
30107645,	0
30107644,	0
30107643,	0
30107642,	0
30107641,	0
30107640,	0
30107639,	0
30107638,	0
30107637,	0
30107636,	0
30107635,	0
30107634,	0
30107633,	0
30107632,	0
30107631,	35
30107630,	0
30107629,	0
30107628,	0
30107627,	0
30107626,	0
30107625,	0
30107624,	0
30107623,	0
30107622,	0
