30110535,	0
30110534,	0
30110533,	0
30110532,	0
30110531,	0
30110530,	0
30110529,	0
30110528,	0
30110591,	0
30110590,	0
30110589,	0
30110588,	0
30110587,	0
30110586,	0
30110585,	0
30110584,	0
30110583,	0
30110582,	0
30110581,	0
30110580,	0
30110579,	0
30110578,	0
30110577,	0
30110576,	0
30110575,	0
30110574,	0
30110573,	0
30110572,	0
30110571,	0
30110570,	0
30110569,	0
30110568,	0
30110567,	0
30110566,	0
30110565,	0
30110564,	0
30110563,	0
30110562,	0
30110561,	0
30110560,	0
30110623,	0
30110622,	0
30110621,	0
30110620,	0
30110619,	0
30110618,	0
30110617,	0
30110616,	0
30110615,	0
30110614,	0
30110613,	0
30110612,	0
30110611,	0
30110610,	0
30110609,	0
30110608,	0
30110607,	0
30110606,	0
30110605,	0
30110604,	0
30110603,	0
30110602,	0
30110601,	0
30110600,	0
30110599,	0
30110598,	0
30110597,	0
30110596,	0
30110595,	0
30110594,	0
30110593,	0
30110592,	0
30110655,	0
30110654,	0
30110653,	0
30110652,	0
30110651,	0
30110650,	0
30110649,	0
30110648,	0
30110647,	0
30110646,	0
30110645,	0
30110644,	0
30110643,	0
30110642,	0
30110641,	0
30110640,	0
30110639,	0
30110638,	0
30110637,	0
30110636,	0
30110635,	0
30110634,	0
30110633,	0
30110632,	0
30110631,	0
30110630,	0
30110629,	0
30110628,	0
30110627,	0
30110626,	0
30110625,	0
30110624,	0
30110687,	0
30110686,	0
30110685,	0
30110684,	0
30110683,	0
30110682,	0
30110681,	0
30110680,	0
30110679,	0
30110678,	0
30110677,	0
30110676,	0
30110675,	0
30110674,	0
30110673,	0
30110672,	0
30110671,	0
30110670,	0
30110669,	0
30110668,	0
30110667,	0
30110666,	0
30110665,	0
30110664,	0
30110663,	0
30110662,	0
30110661,	0
30110660,	0
30110659,	0
30110658,	0
30110657,	0
30110656,	0
30110719,	0
30110718,	0
30110717,	0
30110716,	0
30110715,	0
30110714,	0
30110713,	0
30110712,	0
30110711,	0
30110710,	0
30110709,	0
30110708,	0
30110707,	0
30110706,	0
30110705,	0
30110704,	0
30110703,	0
30110702,	0
30110701,	0
30110700,	0
30110699,	0
30110698,	0
30110697,	0
30110696,	0
30110695,	0
30110694,	0
30110693,	0
30110692,	0
