30111225,	0
30111224,	196
30111223,	0
30111222,	0
30111221,	0
30111220,	0
30111219,	0
30111218,	0
30111217,	0
30111216,	0
30111215,	0
30111214,	0
30111213,	0
30111212,	0
30111211,	0
30111210,	0
30111209,	0
30111208,	0
30111207,	0
30111206,	0
30111205,	0
30111204,	0
30111203,	0
30111202,	0
30111201,	0
30111200,	0
30111263,	0
30111262,	0
30111261,	0
30111260,	0
30111259,	196
30111258,	196
30111257,	0
30111256,	0
30111255,	0
30111254,	0
30111253,	0
30111252,	0
30111251,	196
30111250,	0
30111249,	0
30111248,	0
30111247,	0
30111246,	0
30111245,	0
30111244,	0
30111243,	0
30111242,	0
30111241,	0
30111240,	0
30111239,	0
30111238,	0
30111237,	0
30111236,	0
30111235,	0
30111234,	0
30111233,	0
30111232,	0
30111295,	0
30111294,	0
30111293,	0
30111292,	0
30111291,	0
30111290,	0
30111289,	0
30111288,	0
30111287,	0
30111286,	0
30111285,	0
30111284,	0
30111283,	0
30111282,	196
30111281,	0
30111280,	0
30111279,	0
30111278,	0
30111277,	0
30111276,	0
30111275,	0
30111274,	0
30111273,	0
30111272,	0
30111271,	0
30111270,	0
30111269,	0
30111268,	0
30111267,	0
30111266,	0
30111265,	0
30111264,	0
30111359,	0
30111358,	0
30111357,	0
30111356,	0
30111355,	0
30111354,	0
30111353,	0
30111352,	0
30111351,	0
30111350,	0
30111349,	0
30111348,	0
30111347,	0
30111346,	0
30111345,	0
30111344,	0
30111343,	0
30111342,	0
30111341,	0
30111340,	0
30111339,	0
30111338,	0
30111337,	0
30111336,	0
30111335,	0
30111334,	0
30111333,	0
30111332,	0
30111331,	0
30111330,	0
30111329,	0
30111328,	0
30111391,	0
30111390,	0
30111389,	0
30111388,	0
30111387,	0
30111386,	0
30111385,	0
30111384,	0
30111383,	0
30111382,	0
30111381,	0
30111380,	0
30111379,	0
30111378,	0
30111377,	0
30111376,	0
30111375,	0
30111374,	0
30111373,	0
30111372,	0
30111371,	0
30111370,	0
30111369,	0
30111368,	0
30111367,	0
30111366,	0
30111365,	0
30111364,	0
30111363,	0
30111362,	0
30111361,	0
30111360,	0
30111423,	0
30111422,	0
30111421,	0
30111420,	0
30111419,	0
30111418,	0
30111417,	0
30111416,	0
30111415,	0
