30112040,	0
30112039,	0
30112038,	0
30112037,	0
30112036,	0
30112035,	0
30112034,	0
30112033,	0
30112032,	0
30112095,	0
30112094,	0
30112093,	0
30112092,	0
30112091,	0
30112090,	0
30112089,	0
30112088,	0
30112087,	0
30112086,	0
30112085,	0
30112084,	0
30112083,	0
30112082,	0
30112081,	0
30112080,	0
30112079,	0
30112078,	0
30112077,	0
30112076,	0
30112075,	0
30112074,	0
30112073,	0
30112072,	0
30112071,	0
30112070,	0
30112069,	0
30112068,	0
30112067,	0
30112066,	0
30112065,	0
30112064,	0
30112127,	0
30112126,	0
30112125,	0
30112124,	0
30112123,	0
30112122,	0
30112121,	0
30112120,	0
30112119,	0
30112118,	0
30112117,	0
30112116,	0
30112115,	0
30112114,	0
30112113,	0
30112112,	0
30112111,	0
30112110,	0
30112109,	0
30112108,	0
30112107,	0
30112106,	0
30112105,	0
30112104,	0
30112103,	0
30112102,	0
30112101,	0
30112100,	0
30112099,	0
30112098,	0
30112097,	0
30112096,	0
30112159,	0
30112158,	0
30112157,	0
30112156,	0
30112155,	0
30112154,	0
30112153,	0
30112152,	0
30112151,	0
30112150,	0
30112149,	0
30112148,	0
30112147,	0
30112146,	0
30112145,	0
30112144,	0
30112143,	0
30112142,	0
30112141,	0
30112140,	0
30112139,	0
30112138,	0
30112137,	0
30112136,	0
30112135,	0
30112134,	0
30112133,	0
30112132,	0
30112131,	0
30112130,	0
30112129,	0
30112128,	0
30112191,	0
30112190,	0
30112189,	0
30112188,	0
30112187,	0
30112186,	0
30112185,	0
30112184,	0
30112183,	0
30112182,	0
30112181,	0
30112180,	0
30112179,	0
30112178,	0
30112177,	0
30112176,	0
30112175,	0
30112174,	0
30112173,	0
30112172,	0
30112171,	0
30112170,	0
30112169,	0
30112168,	0
30112167,	0
30112166,	0
30112165,	0
30112164,	0
30112163,	0
30112162,	0
30112161,	0
30112160,	0
30112223,	0
30112222,	0
30112221,	0
30112220,	0
30112219,	0
30112218,	0
30112217,	0
30112216,	0
30112215,	0
30112214,	0
30112213,	0
30112212,	0
30112211,	0
30112210,	0
30112209,	0
30112208,	0
30112207,	0
30112206,	0
30112205,	0
30112204,	0
30112203,	0
30112202,	0
30112201,	0
30112200,	0
30112199,	0
30112198,	0
30112197,	0
