30156171,	0
30156168,	196
30156167,	0
30156166,	0
30156164,	112
30156163,	0
30156161,	0
30156221,	0
30156214,	0
30156211,	0
30156204,	0
30156199,	0
30156198,	0
30156197,	0
30156196,	0
30156194,	0
30156254,	0
30156253,	0
30156251,	0
30156250,	168
30156247,	0
30156246,	0
30156241,	0
30156240,	0
30156237,	0
30156236,	0
30156235,	0
30156233,	0
30156232,	0
30156230,	0
30156229,	0
30156227,	0
30156225,	0
30156285,	0
30156284,	56
30156280,	0
30156278,	0
30156277,	0
30156269,	0
30156267,	0
30156263,	0
30156261,	0
30156259,	0
30156318,	0
30156317,	0
30156316,	0
30156315,	0
30156310,	0
30156309,	0
30156304,	0
30156301,	0
30156297,	0
30156294,	0
30156293,	0
30156292,	0
30156348,	0
30156347,	0
30156342,	0
30156339,	0
30156331,	0
30156328,	0
30156325,	0
30156323,	0
30156321,	0
30156414,	0
30156413,	0
30156412,	0
30156411,	0
30156410,	0
30156406,	0
30156400,	0
30156398,	0
30156395,	0
30156392,	0
30156390,	0
30156387,	0
30156446,	0
30156445,	0
30156443,	0
30156441,	0
30156440,	0
30156438,	0
30156429,	0
30156428,	0
30156427,	0
30156426,	0
30156424,	0
30156422,	0
30156421,	0
30156479,	0
30156478,	0
30156477,	0
30156476,	0
30156474,	0
30156473,	0
30156464,	0
30156462,	0
30156460,	0
30156456,	0
30156455,	0
30156510,	0
30156509,	0
30156508,	0
30156507,	0
30156504,	0
30156501,	0
30156494,	0
30156491,	0
30156490,	0
30156488,	0
30156542,	0
30156541,	0
30156540,	0
30156539,	0
30156538,	196
30156536,	0
30156533,	0
30156530,	0
30156528,	0
30156526,	0
30156524,	0
30156523,	0
30156521,	0
30156520,	0
30156515,	0
30156575,	0
30156574,	0
30156573,	0
30156571,	0
30156570,	0
30156568,	0
30156567,	0
30156565,	0
30156558,	0
30156557,	0
30156556,	0
30156555,	0
30156553,	0
30156549,	0
30156607,	0
30156606,	0
30156604,	0
30156602,	0
30156595,	0
30156592,	0
30156590,	0
30156589,	0
30156588,	0
30156584,	0
30156582,	0
30156581,	0
30156579,	0
30156576,	0
30156636,	0
30156635,	0
30156633,	0
30156627,	0
30156620,	0
30156619,	0
30156618,	0
30156617,	0
30156615,	0
