30168180,	0
30168173,	0
30168167,	0
30168160,	0
30168219,	0
30168216,	0
30168215,	0
30168214,	0
30168212,	0
30168211,	0
30168208,	0
30168198,	0
30168196,	0
30168195,	0
30168192,	0
30168251,	0
30168246,	0
30168237,	0
30168233,	0
30168232,	0
30168231,	0
30168230,	0
30168229,	0
30168228,	0
30168227,	0
30168226,	0
30168224,	0
30168284,	0
30168283,	0
30168280,	0
30168278,	0
30168277,	0
30168276,	0
30168275,	0
30168272,	0
30168270,	0
30168269,	0
30168267,	0
30168262,	0
30168261,	0
30168259,	0
30168257,	196
30168315,	0
30168311,	196
30168310,	0
30168308,	0
30168302,	0
30168301,	0
30168299,	0
30168294,	0
30168293,	0
30168292,	196
30168291,	0
30168290,	0
30168288,	0
30168350,	0
30168347,	0
30168344,	0
30168342,	0
30168340,	0
30168339,	0
30168337,	0
30168336,	0
30168335,	0
30168331,	0
30168325,	0
30168323,	0
30168321,	0
30168381,	0
30168376,	0
30168375,	0
30168374,	0
30168373,	0
30168372,	0
30168367,	0
30168366,	0
30168361,	0
30168359,	56
30168358,	0
30168357,	0
30168352,	0
30168414,	0
30168413,	28
30168411,	0
30168408,	0
30168406,	0
30168404,	0
30168403,	0
30168400,	0
30168393,	0
30168390,	0
30168389,	0
30168387,	0
30168386,	0
30168385,	0
30168446,	0
30168445,	0
30168444,	0
30168439,	0
30168438,	0
30168436,	0
30168424,	0
30168423,	0
30168420,	0
30168419,	56
30168478,	0
30168477,	0
30168476,	0
30168475,	0
30168472,	0
30168471,	0
30168470,	0
30168469,	0
30168467,	0
30168462,	0
30168459,	0
30168456,	0
30168455,	0
30168454,	0
30168452,	0
30168451,	14
30168449,	0
30168509,	0
30168502,	0
30168499,	0
30168492,	0
30168487,	0
30168486,	0
30168485,	0
30168484,	0
30168482,	0
30168542,	0
30168541,	0
30168539,	0
30168538,	168
30168535,	0
30168534,	0
30168529,	0
30168528,	0
30168525,	0
30168524,	0
30168523,	0
30168521,	0
30168520,	0
30168518,	0
30168517,	0
30168515,	0
30168513,	0
30168573,	0
30168572,	0
30168568,	0
30168566,	0
30168565,	0
30168557,	0
30168555,	0
30168551,	0
30168549,	0
30168547,	0
30168544,	196
30168606,	0
30168605,	0
30168604,	0
30168603,	0
30168598,	0
