30279438,	0
30279437,	0
30279436,	0
30279434,	0
30279433,	0
30279432,	0
30279431,	0
30279430,	0
30279428,	0
30279426,	0
30279425,	0
30279424,	0
30279486,	0
30279485,	0
30279480,	0
30279479,	0
30279476,	0
30279475,	0
30279473,	0
30279472,	0
30279471,	0
30279469,	0
30279468,	0
30279467,	0
30279466,	0
30279465,	0
30279464,	0
30279463,	0
30279457,	0
30279519,	0
30279518,	0
30279515,	0
30279514,	0
30279513,	0
30279512,	0
30279511,	0
30279509,	0
30279505,	0
30279503,	0
30279502,	0
30279500,	0
30279499,	0
30279497,	0
30279496,	0
30279495,	0
30279490,	0
30279489,	0
30279551,	0
30279546,	0
30279545,	0
30279543,	0
30279542,	0
30279539,	0
30279538,	0
30279535,	0
30279534,	0
30279532,	0
30279530,	0
30279529,	0
30279528,	0
30279527,	0
30279523,	0
30279522,	0
30279521,	0
30279583,	0
30279582,	0
30279581,	0
30279579,	0
30279578,	0
30279577,	0
30279575,	0
30279574,	0
30279573,	0
30279572,	0
30279570,	0
30279569,	0
30279568,	0
30279567,	0
30279566,	0
30279564,	0
30279562,	0
30279561,	0
30279560,	0
30279559,	0
30279556,	0
30279554,	0
30279614,	0
30279612,	0
30279610,	0
30279609,	0
30279608,	0
30279599,	0
30279598,	0
30279596,	0
30279595,	0
30279594,	0
30279593,	0
30279592,	0
30279588,	0
30279586,	0
30279585,	0
30279647,	0
30279646,	0
30279642,	0
30279641,	0
30279640,	0
30279637,	0
30279636,	0
30279632,	0
30279631,	0
30279630,	0
30279628,	0
30279626,	0
30279624,	0
30279623,	0
30279621,	0
30279616,	0
30279679,	0
30279678,	0
30279677,	96
30279675,	0
30279674,	0
30279672,	0
30279670,	0
30279668,	0
30279667,	0
30279666,	0
30279665,	0
30279661,	0
30279660,	0
30279659,	0
30279658,	0
30279656,	0
30279655,	0
30279654,	0
30279650,	0
30279649,	0
30279648,	0
30279711,	0
30279709,	0
30279707,	0
30279703,	0
30279702,	0
30279700,	0
30279698,	0
30279696,	0
30279694,	0
30279692,	0
30279691,	0
30279690,	0
30279689,	0
30279688,	0
30279685,	0
30279684,	0
30279683,	0
30279682,	0
30279681,	0
30279743,	0
30279742,	0
30279741,	0
30279740,	0
30279739,	0
30279738,	0
