30282535,	0
30282533,	56
30282531,	52
30282529,	0
30282591,	0
30282587,	0
30282586,	56
30282584,	0
30282583,	0
30282581,	0
30282577,	0
30282572,	0
30282570,	0
30282569,	0
30282567,	163
30282562,	0
30282561,	144
30282623,	0
30282617,	180
30282608,	0
30282607,	0
30282602,	0
30282599,	0
30282596,	0
30282593,	0
30282592,	0
30282655,	0
30282651,	0
30282650,	0
30282649,	148
30282641,	0
30282639,	0
30282635,	69
30282633,	0
30282632,	0
30282629,	0
30282628,	0
30282625,	163
30282624,	0
30282687,	0
30282684,	0
30282683,	0
30282681,	128
30282676,	0
30282672,	0
30282671,	0
30282668,	0
30282666,	0
30282665,	0
30282664,	0
30282661,	0
30282713,	0
30282703,	0
30282699,	0
30282698,	0
30282697,	0
30282696,	196
30282693,	196
30282751,	0
30282745,	0
30282732,	0
30282731,	0
30282728,	196
30282775,	0
30282770,	0
30282769,	0
30282766,	0
30282763,	0
30282761,	0
30282760,	0
30282757,	0
30282753,	0
30282752,	0
30282815,	0
30282809,	190
30282802,	0
30282801,	0
30282795,	0
30282786,	0
30282846,	0
30282845,	0
30282839,	0
30282837,	0
30282835,	0
30282833,	0
30282825,	0
30282819,	0
30282818,	0
30282817,	0
30282879,	0
30282875,	0
30282873,	0
30282872,	0
30282871,	0
30282866,	0
30282865,	0
30282864,	0
30282863,	0
30282861,	0
30282859,	0
30282857,	0
30282856,	0
30282853,	0
30282852,	0
30282850,	0
30282848,	0
30282911,	0
30282910,	0
30282909,	0
30282901,	0
30282897,	0
30282896,	0
30282894,	0
30282892,	0
30282891,	0
30282884,	0
30282882,	0
30282881,	0
30282943,	0
30282930,	0
30282927,	0
30282923,	112
30282921,	0
30282920,	0
30282919,	0
30282912,	0
30282975,	0
30282969,	0
30282968,	0
30282965,	0
30282964,	0
30282961,	0
30282960,	0
30282958,	0
30282957,	182
30282955,	0
30282954,	0
30282953,	0
30282951,	0
30282948,	0
30282945,	0
30282944,	0
30283007,	0
30283003,	0
30283001,	0
30282999,	0
30282995,	0
30282994,	0
30282991,	0
30282990,	0
30282987,	0
30282985,	0
30282983,	0
30282981,	0
30282980,	0
30282978,	0
30282977,	0
30283039,	0
30283037,	0
30283031,	0
30283028,	0
30283027,	0
30283026,	0
30283025,	0
