30283024,	0
30283023,	0
30283022,	0
30283021,	0
30283020,	0
30283018,	0
30283017,	0
30283015,	0
30283011,	0
30283010,	0
30283071,	0
30283065,	0
30283060,	0
30283059,	0
30283058,	0
30283051,	0
30283050,	0
30283049,	0
30283048,	0
30283046,	0
30283045,	0
30283044,	0
30283043,	0
30283042,	0
30283041,	0
30283040,	0
30283096,	0
30283095,	0
30283093,	0
30283092,	0
30283091,	0
30283090,	0
30283089,	0
30283087,	0
30283085,	0
30283083,	0
30283082,	0
30283080,	0
30283079,	0
30283077,	0
30283076,	0
30283075,	0
30283074,	0
30283073,	0
30283127,	0
30283125,	0
30283123,	0
30283122,	0
30283121,	122
30283119,	0
30283115,	0
30283114,	0
30283113,	0
30283111,	0
30283109,	0
30283108,	0
30283106,	0
30283105,	0
30283163,	0
30283159,	0
30283157,	0
30283156,	0
30283155,	0
30283154,	0
30283153,	0
30283150,	0
30283149,	0
30283145,	0
30283143,	0
30283140,	0
30283139,	0
30283137,	0
30283198,	0
30283197,	0
30283196,	0
30283195,	0
30283194,	0
30283191,	0
30283190,	0
30283187,	0
30283184,	0
30283183,	0
30283181,	0
30283179,	0
30283177,	196
30283175,	0
30283173,	0
30283170,	0
30283169,	0
30283231,	0
30283229,	0
30283227,	0
30283226,	0
30283225,	0
30283223,	0
30283222,	0
30283221,	0
30283218,	0
30283217,	0
30283210,	0
30283207,	0
30283205,	0
30283204,	0
30283201,	0
30283263,	0
30283259,	0
30283257,	0
30283255,	0
30283247,	0
30283243,	0
30283241,	196
30283237,	0
30283236,	0
30283235,	0
30283234,	0
30283233,	0
30283294,	0
30283285,	0
30283281,	0
30283279,	0
30283273,	0
30283268,	0
30283264,	0
30283327,	0
30283324,	0
30283317,	0
30283313,	0
30283311,	0
30283310,	0
30283307,	0
30283305,	0
30283304,	0
30283298,	0
30283390,	0
30283387,	0
30283385,	0
30283382,	0
30283381,	0
30283379,	0
30283378,	0
30283377,	0
30283375,	0
30283371,	0
30283361,	0
30283423,	0
30283422,	0
30283420,	0
30283418,	0
30283417,	0
30283416,	0
30283415,	0
30283407,	0
30283404,	0
30283403,	0
30283402,	0
30283399,	0
30283395,	0
30283393,	0
30283455,	0
30283454,	0
30283453,	0
30283448,	0
