30287303,	0
30287301,	0
30287300,	0
30287297,	0
30287359,	0
30287355,	0
30287353,	0
30287351,	0
30287343,	0
30287339,	0
30287337,	196
30287333,	0
30287331,	0
30287330,	0
30287329,	0
30287390,	0
30287381,	0
30287377,	0
30287375,	0
30287369,	0
30287364,	0
30287360,	0
30287423,	0
30287420,	0
30287413,	0
30287409,	0
30287407,	0
30287406,	0
30287403,	0
30287401,	0
30287400,	0
30287394,	0
30287486,	0
30287483,	0
30287481,	0
30287478,	0
30287477,	0
30287475,	0
30287474,	0
30287473,	0
30287471,	0
30287467,	0
30287457,	0
30287519,	0
30287518,	0
30287516,	0
30287514,	0
30287513,	0
30287512,	0
30287511,	0
30287503,	0
30287500,	0
30287499,	0
30287498,	0
30287495,	0
30287491,	0
30287489,	0
30287551,	0
30287550,	0
30287549,	0
30287544,	0
30287539,	0
30287538,	0
30287537,	0
30287535,	0
30287534,	0
30287533,	0
30287531,	0
30287528,	0
30287527,	0
30287525,	0
30287520,	0
30287583,	0
30287582,	0
30287580,	0
30287579,	0
30287578,	0
30287577,	0
30287576,	0
30287575,	0
30287574,	0
30287573,	0
30287569,	0
30287567,	0
30287566,	0
30287564,	0
30287563,	0
30287561,	0
30287560,	0
30287559,	0
30287556,	0
30287553,	0
30287614,	0
30287613,	0
30287612,	0
30287610,	0
30287609,	0
30287607,	0
30287605,	0
30287602,	0
30287601,	0
30287599,	0
30287596,	0
30287595,	0
30287594,	0
30287593,	0
30287592,	0
30287591,	0
30287587,	0
30287586,	0
30287585,	0
30287647,	0
30287646,	0
30287644,	0
30287643,	0
30287642,	0
30287641,	0
30287640,	0
30287637,	0
30287636,	0
30287634,	0
30287633,	0
30287631,	0
30287630,	0
30287629,	0
30287628,	0
30287626,	0
30287625,	0
30287624,	0
30287623,	0
30287622,	0
30287620,	0
30287618,	0
30287617,	0
30287616,	0
30287678,	0
30287677,	0
30287672,	0
30287671,	0
30287668,	0
30287667,	0
30287665,	0
30287664,	0
30287663,	0
30287661,	0
30287660,	0
30287659,	0
30287658,	0
30287657,	0
30287656,	0
30287655,	0
30287649,	0
30287711,	0
30287710,	0
30287707,	0
30287706,	0
30287705,	0
30287704,	0
30287703,	0
30287701,	0
30287697,	0
30287695,	0
30287694,	0
