30290876,	90
30290875,	0
30290873,	0
30290868,	0
30290864,	166
30290863,	0
30290860,	0
30290858,	0
30290857,	0
30290856,	0
30290853,	0
30290905,	0
30290895,	0
30290891,	0
30290890,	0
30290889,	0
30290888,	0
30290885,	196
30290943,	0
30290937,	0
30290924,	0
30290923,	0
30290920,	0
30290967,	0
30290962,	0
30290961,	0
30290958,	0
30290955,	0
30290953,	0
30290952,	0
30290949,	0
30290945,	0
30290944,	0
30291007,	0
30291001,	0
30290994,	0
30290993,	0
30290987,	0
30290978,	0
30291038,	0
30291037,	0
30291031,	0
30291029,	0
30291027,	0
30291025,	0
30291017,	0
30291011,	0
30291010,	0
30291009,	0
30291071,	0
30291067,	0
30291065,	0
30291064,	0
30291063,	0
30291058,	0
30291057,	0
30291056,	0
30291055,	0
30291053,	0
30291051,	0
30291049,	0
30291048,	0
30291045,	0
30291044,	0
30291042,	0
30291040,	0
30291103,	0
30291102,	0
30291101,	0
30291093,	0
30291089,	0
30291088,	0
30291086,	0
30291084,	0
30291083,	0
30291076,	0
30291074,	0
30291073,	0
30291135,	0
30291122,	0
30291119,	0
30291115,	0
30291113,	0
30291112,	0
30291111,	0
30291104,	0
30291167,	0
30291161,	0
30291160,	0
30291157,	0
30291156,	0
30291153,	0
30291152,	0
30291150,	0
30291149,	0
30291147,	0
30291146,	0
30291145,	0
30291143,	0
30291140,	0
30291137,	0
30291136,	0
30291199,	0
30291195,	0
30291193,	0
30291191,	0
30291187,	0
30291186,	0
30291183,	0
30291182,	0
30291179,	0
30291177,	0
30291175,	0
30291173,	0
30291172,	0
30291170,	0
30291169,	0
30291231,	0
30291229,	0
30291223,	0
30291220,	0
30291219,	0
30291218,	0
30291217,	0
30291216,	0
30291215,	0
30291214,	0
30291213,	0
30291212,	0
30291210,	0
30291209,	0
30291207,	0
30291203,	0
30291202,	0
30291263,	0
30291257,	0
30291252,	0
30291251,	0
30291250,	0
30291243,	0
30291242,	0
30291241,	0
30291240,	196
30291238,	0
30291237,	0
30291236,	0
30291235,	0
30291234,	0
30291233,	0
30291232,	0
30291288,	0
30291287,	0
30291285,	0
30291284,	0
30291283,	0
30291282,	0
30291281,	0
30291279,	0
30291277,	0
30291275,	0
30291274,	0
30291272,	0
