30295123,	0
30295121,	0
30295115,	0
30295113,	0
30295111,	0
30295108,	0
30295106,	0
30295167,	0
30295162,	0
30295161,	0
30295146,	0
30295145,	0
30295143,	0
30295138,	0
30295137,	0
30295136,	0
30295199,	0
30295198,	0
30295197,	0
30295196,	0
30295195,	0
30295194,	0
30295193,	0
30295192,	0
30295191,	0
30295190,	0
30295189,	0
30295188,	0
30295187,	0
30295186,	0
30295185,	0
30295183,	0
30295182,	0
30295181,	0
30295180,	0
30295179,	0
30295178,	0
30295177,	0
30295175,	0
30295172,	0
30295171,	0
30295170,	0
30295169,	0
30295229,	0
30295227,	0
30295226,	0
30295225,	0
30295223,	0
30295222,	0
30295220,	0
30295218,	0
30295217,	0
30295216,	0
30295215,	0
30295213,	0
30295211,	0
30295210,	0
30295209,	0
30295208,	0
30295207,	0
30295205,	0
30295203,	0
30295202,	0
30295201,	0
30295200,	0
30295263,	0
30295259,	0
30295258,	196
30295257,	0
30295256,	0
30295255,	0
30295254,	0
30295253,	0
30295252,	0
30295251,	0
30295250,	0
30295249,	0
30295244,	0
30295243,	0
30295242,	0
30295241,	0
30295239,	0
30295238,	0
30295235,	0
30295233,	0
30295295,	0
30295294,	0
30295292,	0
30295290,	0
30295289,	0
30295288,	0
30295287,	0
30295285,	0
30295283,	0
30295282,	0
30295281,	0
30295280,	0
30295279,	0
30295276,	0
30295274,	0
30295273,	0
30295272,	0
30295271,	0
30295270,	0
30295268,	0
30295266,	0
30295264,	196
30295327,	0
30295325,	0
30295323,	0
30295321,	0
30295320,	0
30295319,	0
30295318,	0
30295317,	0
30295316,	0
30295315,	0
30295314,	0
30295313,	0
30295311,	0
30295308,	0
30295307,	0
30295306,	0
30295305,	0
30295303,	0
30295302,	0
30295299,	0
30295298,	0
30295297,	0
30295359,	0
30295354,	0
30295351,	0
30295349,	0
30295347,	0
30295346,	0
30295345,	0
30295343,	0
30295342,	0
30295340,	0
30295338,	0
30295337,	0
30295336,	0
30295335,	0
30295334,	0
30295332,	0
30295330,	0
30295329,	0
30295328,	0
30295390,	0
30295389,	0
30295388,	0
30295387,	0
30295386,	0
30295385,	0
30295384,	0
30295383,	0
30295381,	0
30295380,	0
30295379,	0
30295378,	0
30295375,	0
30295373,	0
