30299177,	0
30299176,	0
30299168,	0
30299231,	0
30299228,	0
30299226,	0
30299224,	0
30299219,	0
30299217,	0
30299211,	0
30299209,	0
30299207,	0
30299204,	0
30299202,	0
30299263,	0
30299258,	0
30299257,	0
30299242,	0
30299241,	0
30299239,	0
30299234,	0
30299233,	0
30299232,	0
30299295,	0
30299294,	0
30299293,	0
30299292,	0
30299291,	0
30299290,	0
30299289,	0
30299288,	0
30299287,	0
30299286,	0
30299285,	0
30299284,	0
30299283,	0
30299282,	0
30299281,	0
30299279,	0
30299278,	0
30299277,	0
30299276,	0
30299275,	0
30299274,	0
30299273,	0
30299271,	0
30299268,	0
30299267,	0
30299266,	0
30299265,	0
30299325,	0
30299323,	0
30299322,	0
30299321,	0
30299319,	0
30299318,	0
30299316,	0
30299314,	0
30299313,	0
30299312,	0
30299311,	0
30299309,	0
30299307,	0
30299306,	0
30299305,	0
30299304,	0
30299303,	0
30299301,	0
30299299,	0
30299298,	0
30299297,	0
30299296,	0
30299359,	0
30299355,	0
30299354,	196
30299353,	0
30299352,	0
30299351,	0
30299350,	0
30299349,	0
30299348,	0
30299347,	0
30299346,	0
30299345,	0
30299340,	0
30299339,	0
30299338,	0
30299337,	0
30299335,	0
30299334,	0
30299331,	0
30299329,	0
30299391,	0
30299390,	0
30299388,	0
30299386,	0
30299385,	0
30299384,	0
30299383,	0
30299381,	0
30299379,	0
30299378,	0
30299377,	0
30299376,	0
30299375,	0
30299372,	0
30299370,	0
30299369,	0
30299368,	196
30299367,	0
30299366,	0
30299364,	0
30299362,	0
30299361,	0
30299360,	0
30299423,	0
30299421,	0
30299419,	0
30299417,	0
30299416,	0
30299415,	0
30299414,	0
30299413,	0
30299412,	0
30299411,	0
30299410,	0
30299409,	0
30299407,	0
30299404,	0
30299403,	0
30299402,	0
30299401,	0
30299399,	0
30299398,	0
30299395,	0
30299394,	0
30299393,	0
30299455,	0
30299450,	0
30299447,	0
30299445,	0
30299443,	0
30299442,	0
30299441,	0
30299439,	0
30299438,	0
30299436,	0
30299434,	0
30299433,	0
30299432,	0
30299431,	0
30299430,	0
30299428,	0
30299426,	0
30299425,	0
30299424,	0
30299486,	0
30299485,	0
30299484,	0
30299483,	0
30299482,	0
30299481,	0
30299480,	0
