30312433,	0
30312432,	0
30312428,	0
30312427,	0
30312426,	0
30312425,	0
30312423,	0
30312422,	0
30312421,	0
30312420,	0
30312419,	0
30312418,	0
30312417,	0
30312479,	0
30312478,	0
30312476,	0
30312474,	0
30312473,	0
30312472,	0
30312469,	0
30312467,	0
30312466,	0
30312465,	0
30312464,	0
30312463,	0
30312462,	0
30312460,	0
30312458,	0
30312457,	0
30312455,	0
30312454,	0
30312452,	0
30312450,	0
30312449,	0
30312448,	0
30312509,	0
30312508,	0
30312507,	0
30312506,	0
30312505,	0
30312504,	0
30312502,	0
30312501,	0
30312500,	53
30312499,	54
30312498,	54
30312497,	54
30312494,	54
30312493,	54
30312492,	54
30312491,	54
30312490,	54
30312489,	54
30312487,	54
30312485,	54
30312484,	54
30312483,	54
30312482,	54
30312481,	54
30312480,	54
30312540,	54
30312539,	54
30312538,	54
30312537,	54
30312532,	54
30312531,	54
30312530,	54
30312529,	54
30312525,	54
30312524,	54
30312523,	54
30312522,	54
30312521,	54
30312520,	54
30312516,	54
30312515,	54
30312514,	54
30312513,	54
30312512,	54
30312573,	54
30312572,	54
30312571,	54
30312570,	54
30312569,	54
30312568,	54
30312567,	54
30312566,	54
30312565,	54
30312564,	54
30312563,	54
30312562,	54
30312561,	54
30312558,	54
30312557,	54
30312556,	54
30312555,	54
30312554,	54
30312553,	54
30312549,	54
30312548,	54
30312547,	54
30312546,	54
30312545,	54
30312607,	54
30312605,	54
30312604,	54
30312603,	54
30312602,	54
30312601,	54
30312598,	54
30312596,	54
30312595,	54
30312594,	54
30312593,	54
30312591,	54
30312589,	54
30312588,	54
30312587,	54
30312586,	54
30312585,	54
30312583,	54
30312581,	54
30312580,	54
30312579,	54
30312578,	54
30312577,	54
30312576,	54
30312639,	54
30312638,	54
30312637,	54
30312636,	54
30312635,	54
30312634,	54
30312633,	54
30312632,	54
30312631,	54
30312630,	54
30312629,	54
30312628,	54
30312627,	54
30312626,	54
30312625,	54
30312623,	54
30312620,	54
30312619,	54
30312618,	54
30312617,	54
30312615,	54
30312612,	54
30312611,	54
30312610,	54
30312609,	54
30312671,	54
30312666,	54
30312665,	54
30312664,	54
30312663,	54
30312658,	54
30312657,	54
30312656,	54
30312655,	54
30312650,	54
30312649,	54
