30316256,	0
30316319,	0
30316318,	0
30316316,	0
30316314,	0
30316313,	0
30316311,	0
30316309,	0
30316307,	0
30316306,	0
30316305,	0
30316303,	0
30316302,	0
30316300,	0
30316298,	0
30316297,	0
30316295,	0
30316292,	0
30316290,	0
30316289,	0
30316288,	0
30316351,	0
30316350,	0
30316349,	0
30316348,	0
30316347,	0
30316346,	0
30316345,	0
30316344,	0
30316343,	0
30316342,	0
30316341,	0
30316340,	0
30316339,	0
30316338,	0
30316337,	0
30316336,	0
30316335,	0
30316332,	0
30316331,	0
30316330,	0
30316329,	0
30316327,	0
30316326,	0
30316325,	0
30316324,	0
30316323,	0
30316322,	0
30316321,	0
30316383,	0
30316382,	0
30316380,	0
30316378,	0
30316377,	0
30316375,	0
30316373,	0
30316371,	0
30316370,	0
30316369,	0
30316367,	0
30316366,	0
30316364,	0
30316362,	0
30316361,	0
30316360,	0
30316359,	0
30316358,	0
30316356,	0
30316354,	0
30316353,	0
30316352,	0
30316415,	0
30316414,	0
30316413,	0
30316412,	0
30316411,	0
30316410,	0
30316409,	0
30316408,	0
30316406,	0
30316405,	0
30316404,	0
30316403,	0
30316402,	0
30316401,	0
30316398,	0
30316397,	0
30316396,	0
30316395,	0
30316394,	0
30316393,	0
30316391,	0
30316390,	0
30316389,	0
30316388,	0
30316387,	0
30316386,	0
30316385,	0
30316384,	0
30316447,	0
30316446,	196
30316445,	0
30316444,	196
30316443,	0
30316442,	0
30316441,	0
30316440,	0
30316438,	0
30316437,	0
30316436,	0
30316435,	0
30316434,	0
30316433,	0
30316432,	0
30316430,	0
30316429,	0
30316428,	0
30316427,	0
30316426,	0
30316425,	0
30316424,	0
30316423,	0
30316422,	0
30316421,	0
30316420,	0
30316419,	0
30316418,	0
30316417,	0
30316416,	0
30316479,	0
30316475,	0
30316473,	0
30316472,	0
30316471,	0
30316469,	0
30316468,	0
30316466,	0
30316463,	0
30316461,	0
30316460,	0
30316458,	0
30316451,	0
30316449,	0
30316507,	0
30316503,	0
30316500,	0
30316498,	0
30316497,	0
30316496,	0
30316495,	0
30316491,	0
30316490,	0
30316489,	0
30316488,	0
30316483,	0
30316481,	0
30316480,	0
30316543,	0
30316542,	0
30316541,	0
30316540,	0
30316539,	0
30316538,	0
