30316759,	0
30316754,	0
30316753,	0
30316752,	0
30316751,	0
30316746,	0
30316745,	0
30316744,	0
30316743,	0
30316738,	0
30316737,	0
30316736,	0
30316799,	0
30316797,	0
30316796,	0
30316795,	0
30316794,	0
30316793,	0
30316790,	0
30316788,	0
30316787,	0
30316786,	0
30316785,	0
30316780,	0
30316779,	0
30316778,	0
30316777,	0
30316774,	0
30316773,	0
30316772,	0
30316771,	0
30316770,	0
30316768,	0
30316831,	0
30316828,	0
30316826,	0
30316825,	0
30316819,	0
30316818,	0
30316817,	0
30316816,	0
30316812,	0
30316810,	0
30316809,	0
30316808,	0
30316807,	0
30316804,	0
30316803,	0
30316802,	0
30316801,	0
30316800,	0
30316863,	0
30316862,	0
30316861,	0
30316860,	0
30316858,	0
30316856,	0
30316853,	0
30316851,	0
30316849,	0
30316848,	0
30316847,	0
30316845,	0
30316844,	20
30316843,	0
30316842,	0
30316841,	0
30316839,	0
30316838,	0
30316837,	0
30316836,	0
30316835,	0
30316834,	0
30316895,	0
30316894,	0
30316892,	0
30316891,	0
30316890,	0
30316889,	0
30316885,	0
30316884,	0
30316883,	0
30316881,	0
30316878,	0
30316876,	0
30316875,	0
30316874,	20
30316873,	0
30316871,	0
30316870,	0
30316868,	0
30316867,	0
30316866,	0
30316865,	0
30316864,	0
30316926,	0
30316925,	0
30316924,	0
30316923,	0
30316922,	0
30316921,	0
30316920,	0
30316918,	0
30316917,	0
30316916,	0
30316915,	0
30316914,	0
30316911,	0
30316910,	0
30316909,	0
30316908,	0
30316907,	0
30316906,	0
30316905,	0
30316903,	0
30316902,	0
30316901,	0
30316900,	0
30316899,	0
30316898,	0
30316897,	0
30316958,	0
30316957,	0
30316956,	0
30316955,	0
30316954,	0
30316953,	0
30316950,	0
30316949,	0
30316948,	0
30316947,	0
30316946,	0
30316945,	0
30316944,	0
30316942,	0
30316941,	0
30316940,	0
30316939,	0
30316938,	0
30316937,	0
30316936,	0
30316934,	0
30316933,	0
30316932,	0
30316931,	0
30316930,	0
30316929,	0
30316928,	0
30316991,	0
30316989,	0
30316988,	0
30316987,	0
30316986,	0
30316985,	0
30316984,	0
30316983,	0
30316979,	0
30316978,	0
30316977,	0
30316976,	0
30316975,	0
30316972,	0
30316971,	0
30316970,	0
