30324201,	0
30324200,	0
30324199,	0
30324198,	0
30324197,	0
30324196,	0
30324194,	0
30324193,	0
30324192,	0
30324255,	0
30324254,	0
30324252,	0
30324251,	0
30324249,	0
30324248,	0
30324247,	0
30324246,	0
30324245,	0
30324243,	0
30324242,	0
30324241,	0
30324239,	0
30324238,	0
30324237,	0
30324236,	0
30324234,	0
30324233,	0
30324231,	0
30324227,	0
30324225,	0
30324287,	0
30324286,	0
30324284,	0
30324283,	0
30324282,	0
30324281,	0
30324280,	0
30324279,	0
30324278,	0
30324276,	0
30324275,	0
30324274,	0
30324272,	0
30324271,	0
30324270,	0
30324269,	0
30324268,	0
30324266,	0
30324265,	0
30324264,	0
30324263,	0
30324262,	0
30324261,	0
30324260,	0
30324259,	0
30324258,	0
30324257,	0
30324256,	0
30324351,	0
30324350,	0
30324349,	0
30324348,	0
30324347,	0
30324346,	0
30324344,	0
30324343,	0
30324342,	0
30324341,	0
30324339,	0
30324338,	0
30324335,	0
30324334,	0
30324333,	0
30324332,	0
30324331,	0
30324330,	0
30324329,	0
30324327,	0
30324326,	0
30324323,	0
30324321,	0
30324383,	0
30324381,	0
30324379,	0
30324377,	0
30324375,	0
30324374,	0
30324372,	0
30324371,	0
30324370,	0
30324369,	0
30324367,	0
30324366,	0
30324365,	0
30324364,	0
30324363,	0
30324362,	0
30324361,	0
30324360,	0
30324359,	0
30324358,	0
30324356,	0
30324354,	0
30324353,	0
30324352,	0
30324413,	0
30324411,	0
30324409,	0
30324408,	0
30324407,	0
30324406,	0
30324405,	0
30324404,	0
30324403,	0
30324402,	0
30324401,	0
30324399,	0
30324398,	0
30324397,	0
30324396,	0
30324395,	0
30324394,	0
30324393,	0
30324392,	0
30324390,	0
30324389,	0
30324388,	0
30324387,	0
30324385,	0
30324446,	0
30324445,	0
30324443,	0
30324441,	0
30324439,	0
30324438,	0
30324436,	0
30324434,	0
30324433,	0
30324431,	0
30324430,	0
30324429,	0
30324428,	0
30324427,	0
30324426,	0
30324425,	0
30324424,	0
30324422,	0
30324421,	0
30324420,	0
30324419,	0
30324418,	0
30324417,	0
30324416,	0
30324479,	0
30324477,	0
30324476,	0
30324475,	0
30324474,	0
30324473,	0
30324472,	0
30324470,	0
30324469,	0
30324468,	0
30324467,	0
