30324466,	0
30324465,	0
30324463,	0
30324460,	0
30324459,	0
30324458,	0
30324457,	0
30324455,	0
30324454,	0
30324453,	0
30324452,	0
30324451,	0
30324450,	0
30324449,	0
30324448,	0
30324511,	0
30324510,	0
30324508,	0
30324506,	0
30324505,	0
30324503,	0
30324501,	0
30324499,	0
30324498,	0
30324497,	0
30324495,	0
30324494,	0
30324492,	0
30324490,	0
30324489,	0
30324487,	0
30324484,	0
30324482,	0
30324481,	0
30324480,	0
30324543,	0
30324542,	0
30324541,	0
30324540,	0
30324539,	0
30324538,	0
30324537,	0
30324536,	0
30324535,	0
30324534,	0
30324533,	0
30324532,	0
30324531,	0
30324530,	0
30324529,	0
30324528,	0
30324527,	0
30324524,	0
30324523,	0
30324522,	0
30324521,	0
30324519,	0
30324518,	0
30324517,	0
30324516,	0
30324515,	0
30324514,	0
30324513,	0
30324575,	0
30324574,	0
30324572,	0
30324570,	0
30324569,	0
30324567,	0
30324565,	0
30324563,	0
30324562,	0
30324561,	0
30324559,	0
30324558,	0
30324556,	0
30324554,	0
30324553,	0
30324552,	0
30324551,	0
30324550,	0
30324548,	0
30324546,	0
30324545,	0
30324544,	0
30324607,	0
30324606,	0
30324605,	0
30324604,	0
30324603,	0
30324602,	0
30324601,	0
30324600,	0
30324598,	0
30324597,	0
30324596,	0
30324595,	0
30324594,	0
30324593,	0
30324590,	0
30324589,	0
30324588,	0
30324587,	0
30324586,	0
30324585,	0
30324583,	0
30324582,	0
30324581,	0
30324580,	0
30324579,	0
30324578,	0
30324577,	0
30324576,	0
30324639,	0
30324638,	0
30324637,	0
30324636,	196
30324635,	0
30324634,	0
30324633,	0
30324632,	0
30324630,	0
30324629,	0
30324628,	0
30324627,	0
30324626,	0
30324625,	0
30324624,	0
30324622,	0
30324621,	0
30324620,	0
30324619,	0
30324618,	0
30324617,	0
30324616,	0
30324615,	0
30324614,	0
30324613,	0
30324612,	0
30324611,	0
30324610,	0
30324609,	0
30324608,	0
30324671,	0
30324667,	0
30324665,	0
30324664,	0
30324663,	0
30324661,	0
30324660,	0
30324658,	0
30324655,	0
30324653,	0
30324652,	0
30324650,	0
30324643,	0
30324641,	0
30324699,	0
30324695,	0
30324692,	0
30324690,	0
30324689,	0
30324688,	0
