30324687,	0
30324683,	0
30324682,	0
30324681,	0
30324680,	0
30324675,	0
30324673,	0
30324672,	0
30324735,	0
30324734,	0
30324733,	0
30324732,	0
30324731,	0
30324730,	0
30324729,	0
30324728,	0
30324726,	0
30324725,	0
30324724,	0
30324723,	0
30324722,	0
30324721,	0
30324720,	0
30324716,	0
30324715,	0
30324714,	0
30324713,	0
30324711,	0
30324710,	0
30324709,	0
30324708,	0
30324707,	0
30324706,	0
30324705,	0
30324767,	0
30324766,	0
30324764,	0
30324762,	0
30324761,	0
30324760,	0
30324757,	0
30324755,	0
30324754,	0
30324753,	0
30324752,	0
30324751,	0
30324750,	0
30324748,	0
30324746,	0
30324745,	0
30324743,	0
30324742,	0
30324740,	0
30324738,	0
30324737,	0
30324736,	0
30324797,	0
30324796,	0
30324795,	0
30324794,	0
30324793,	0
30324792,	0
30324790,	0
30324789,	0
30324788,	53
30324787,	54
30324786,	54
30324785,	54
30324782,	54
30324781,	54
30324780,	54
30324779,	54
30324778,	54
30324777,	54
30324775,	54
30324773,	54
30324772,	54
30324771,	54
30324770,	54
30324769,	54
30324768,	54
30324828,	54
30324827,	54
30324826,	54
30324825,	54
30324820,	54
30324819,	54
30324818,	54
30324817,	54
30324813,	54
30324812,	54
30324811,	54
30324810,	54
30324809,	54
30324808,	54
30324804,	54
30324803,	54
30324802,	54
30324801,	54
30324800,	54
30324861,	54
30324860,	54
30324859,	54
30324858,	54
30324857,	54
30324856,	54
30324855,	54
30324854,	54
30324853,	54
30324852,	54
30324851,	54
30324850,	54
30324849,	54
30324846,	54
30324845,	54
30324844,	54
30324843,	54
30324842,	54
30324841,	54
30324837,	54
30324836,	54
30324835,	54
30324834,	54
30324833,	54
30324895,	54
30324893,	54
30324892,	54
30324891,	54
30324890,	54
30324889,	54
30324886,	54
30324884,	54
30324883,	54
30324882,	54
30324881,	54
30324879,	54
30324877,	54
30324876,	54
30324875,	54
30324874,	54
30324873,	54
30324871,	54
30324869,	54
30324868,	54
30324867,	54
30324866,	54
30324865,	54
30324864,	54
30324927,	54
30324926,	54
30324925,	54
30324924,	54
30324923,	54
30324922,	54
30324921,	54
30324920,	54
30324919,	54
30324918,	54
30324917,	54
30324916,	54
30324915,	54
30324914,	54
30324913,	54
30324911,	54
