30332413,	0
30332411,	0
30332409,	0
30332407,	0
30332406,	0
30332404,	0
30332402,	0
30332401,	0
30332399,	0
30332398,	0
30332396,	0
30332395,	0
30332394,	0
30332393,	0
30332392,	0
30332391,	0
30332390,	0
30332389,	0
30332388,	0
30332386,	0
30332385,	0
30332384,	0
30332447,	0
30332446,	0
30332444,	0
30332443,	0
30332441,	0
30332440,	0
30332439,	0
30332438,	0
30332437,	0
30332435,	0
30332434,	0
30332433,	0
30332431,	0
30332430,	0
30332429,	0
30332428,	0
30332426,	0
30332425,	0
30332423,	0
30332419,	0
30332417,	0
30332479,	0
30332478,	0
30332476,	0
30332475,	0
30332474,	0
30332473,	0
30332472,	0
30332471,	0
30332470,	0
30332468,	0
30332467,	0
30332466,	0
30332464,	0
30332463,	0
30332462,	0
30332461,	0
30332460,	0
30332458,	0
30332457,	0
30332456,	0
30332455,	0
30332454,	0
30332453,	0
30332452,	0
30332451,	0
30332450,	0
30332449,	0
30332448,	0
30332543,	0
30332542,	0
30332541,	0
30332540,	0
30332539,	0
30332538,	0
30332536,	0
30332535,	0
30332534,	0
30332533,	0
30332531,	0
30332530,	0
30332527,	0
30332526,	0
30332525,	0
30332524,	0
30332523,	0
30332522,	0
30332521,	0
30332519,	0
30332518,	0
30332515,	0
30332513,	0
30332575,	0
30332573,	0
30332571,	0
30332569,	0
30332567,	0
30332566,	0
30332564,	0
30332563,	0
30332562,	0
30332561,	0
30332559,	0
30332558,	0
30332557,	0
30332556,	0
30332555,	0
30332554,	0
30332553,	0
30332552,	0
30332551,	0
30332550,	0
30332548,	0
30332546,	0
30332545,	0
30332544,	0
30332605,	0
30332603,	0
30332601,	0
30332600,	0
30332599,	0
30332598,	0
30332597,	0
30332596,	0
30332595,	0
30332594,	0
30332593,	0
30332591,	0
30332590,	0
30332589,	0
30332588,	0
30332587,	0
30332586,	0
30332585,	0
30332584,	0
30332582,	0
30332581,	0
30332580,	0
30332579,	0
30332577,	0
30332638,	0
30332637,	0
30332635,	0
30332633,	0
30332631,	0
30332630,	0
30332628,	0
30332626,	0
30332625,	0
30332623,	0
30332622,	0
30332621,	0
30332620,	0
30332619,	0
30332618,	0
30332617,	0
30332616,	0
30332614,	0
30332613,	0
30332612,	0
30332611,	0
