30332852,	0
30332850,	0
30332847,	0
30332845,	0
30332844,	0
30332842,	0
30332835,	0
30332833,	0
30332891,	0
30332887,	0
30332884,	0
30332882,	0
30332881,	0
30332880,	0
30332879,	0
30332875,	0
30332874,	0
30332873,	0
30332872,	0
30332867,	0
30332865,	0
30332864,	0
30332927,	0
30332926,	0
30332925,	0
30332924,	0
30332923,	0
30332922,	0
30332921,	0
30332920,	0
30332918,	0
30332917,	0
30332916,	0
30332915,	0
30332914,	0
30332913,	0
30332912,	0
30332908,	0
30332907,	0
30332906,	0
30332905,	0
30332903,	0
30332902,	0
30332901,	0
30332900,	0
30332899,	0
30332898,	0
30332897,	0
30332959,	0
30332958,	0
30332956,	0
30332954,	0
30332953,	0
30332952,	0
30332949,	0
30332947,	0
30332946,	0
30332945,	0
30332944,	0
30332943,	0
30332942,	0
30332940,	0
30332938,	0
30332937,	0
30332935,	0
30332934,	0
30332932,	0
30332930,	0
30332929,	0
30332928,	0
30332989,	0
30332988,	0
30332987,	0
30332986,	0
30332985,	0
30332984,	0
30332982,	0
30332981,	0
30332980,	0
30332979,	0
30332978,	0
30332977,	0
30332974,	0
30332973,	0
30332972,	0
30332971,	0
30332970,	0
30332969,	0
30332967,	0
30332965,	0
30332964,	0
30332963,	0
30332962,	0
30332961,	0
30332960,	0
30333020,	0
30333019,	0
30333018,	0
30333017,	0
30333012,	0
30333011,	0
30333010,	0
30333009,	0
30333005,	0
30333004,	0
30333003,	0
30333002,	0
30333001,	0
30333000,	0
30332996,	0
30332995,	0
30332994,	0
30332993,	0
30332992,	0
30333053,	0
30333052,	0
30333051,	0
30333050,	0
30333049,	0
30333048,	0
30333047,	0
30333046,	0
30333045,	0
30333044,	0
30333043,	0
30333042,	0
30333041,	0
30333038,	0
30333037,	0
30333036,	0
30333035,	0
30333034,	0
30333033,	0
30333029,	0
30333028,	0
30333027,	0
30333026,	0
30333025,	0
30333087,	0
30333085,	0
30333084,	0
30333083,	0
30333082,	0
30333081,	0
30333078,	0
30333076,	0
30333075,	0
30333074,	0
30333073,	0
30333071,	0
30333069,	0
30333068,	0
30333067,	0
30333066,	0
30333065,	0
30333063,	0
30333061,	0
30333060,	0
30333059,	0
30333058,	0
30333057,	0
30333056,	0
30333119,	0
30333118,	0
