30336808,	0
30336807,	0
30336806,	0
30336805,	0
30336804,	0
30336803,	0
30336802,	0
30336801,	0
30336800,	0
30336863,	0
30336862,	0
30336861,	0
30336860,	0
30336859,	0
30336858,	0
30336857,	0
30336856,	0
30336855,	0
30336854,	0
30336853,	0
30336852,	0
30336851,	0
30336850,	0
30336849,	0
30336848,	0
30336847,	0
30336846,	0
30336845,	0
30336844,	0
30336843,	0
30336842,	0
30336841,	0
30336840,	0
30336839,	0
30336838,	0
30336837,	0
30336836,	0
30336835,	0
30336834,	0
30336833,	0
30336832,	0
30336895,	0
30336894,	0
30336893,	0
30336892,	0
30336891,	0
30336890,	0
30336889,	0
30336888,	0
30336887,	0
30336886,	0
30336885,	0
30336884,	0
30336883,	0
30336882,	0
30336881,	0
30336880,	0
30336879,	0
30336878,	0
30336877,	0
30336876,	0
30336875,	0
30336874,	0
30336873,	0
30336872,	0
30336871,	0
30336870,	0
30336869,	0
30336868,	0
30336867,	0
30336866,	0
30336865,	0
30336864,	0
30336927,	0
30336926,	0
30336925,	0
30336924,	0
30336923,	0
30336922,	0
30336921,	0
30336920,	0
30336919,	0
30336918,	0
30336917,	0
30336916,	0
30336915,	0
30336914,	0
30336913,	0
30336912,	0
30336911,	109
30336910,	0
30336909,	0
30336908,	0
30336907,	0
30336906,	0
30336905,	0
30336904,	0
30336903,	0
30336902,	0
30336901,	0
30336900,	0
30336899,	0
30336898,	0
30336897,	0
30336896,	0
30336959,	0
30336958,	0
30336957,	196
30336956,	0
30336955,	0
30336954,	0
30336953,	0
30336952,	0
30336951,	0
30336950,	0
30336949,	196
30336948,	196
30336947,	0
30336946,	0
30336945,	0
30336944,	0
30336943,	0
30336942,	0
30336941,	0
30336940,	0
30336939,	0
30336938,	0
30336937,	0
30336936,	0
30336935,	0
30336934,	0
30336933,	0
30336932,	0
30336931,	0
30336930,	0
30336929,	0
30336928,	0
30336975,	0
30336974,	0
30336973,	0
30336972,	0
30336971,	0
30336970,	0
30336969,	0
30336968,	0
30336967,	0
30336966,	0
30336965,	0
30336964,	0
30336963,	0
30336962,	0
30336961,	0
30336960,	0
30337023,	0
30337022,	0
30337021,	0
30337020,	0
30337019,	0
30337018,	0
30337017,	0
30337016,	0
30337015,	0
30337014,	0
