30344449,	0
30344448,	0
30344511,	0
30344510,	0
30344509,	0
30344508,	0
30344507,	0
30344506,	0
30344505,	0
30344504,	196
30344503,	0
30344502,	0
30344501,	0
30344500,	0
30344499,	0
30344498,	0
30344497,	0
30344496,	0
30344495,	0
30344494,	0
30344493,	0
30344492,	0
30344491,	0
30344490,	0
30344489,	0
30344488,	196
30344487,	0
30344486,	0
30344485,	0
30344484,	0
30344483,	0
30344482,	0
30344481,	0
30344480,	0
30344543,	0
30344542,	0
30344541,	0
30344540,	0
30344539,	0
30344538,	0
30344537,	0
30344536,	0
30344535,	0
30344534,	0
30344533,	0
30344532,	0
30344531,	0
30344530,	0
30344529,	0
30344528,	0
30344527,	0
30344526,	0
30344525,	0
30344524,	0
30344523,	0
30344522,	0
30344521,	0
30344520,	0
30344519,	0
30344518,	0
30344517,	0
30344516,	0
30344515,	0
30344514,	0
30344513,	0
30344512,	0
30344559,	0
30344558,	0
30344557,	0
30344556,	0
30344555,	0
30344554,	0
30344553,	0
30344552,	0
30344551,	0
30344550,	0
30344549,	0
30344548,	0
30344547,	0
30344546,	0
30344545,	0
30344544,	0
30344607,	0
30344606,	0
30344605,	0
30344604,	0
30344603,	0
30344602,	0
30344601,	0
30344600,	0
30344599,	0
30344598,	0
30344597,	0
30344596,	0
30344595,	0
30344594,	0
30344593,	0
30344592,	0
30344591,	0
30344590,	0
30344589,	0
30344588,	0
30344587,	0
30344586,	0
30344585,	0
30344584,	0
30344583,	0
30344582,	0
30344581,	0
30344580,	0
30344579,	0
30344578,	0
30344577,	0
30344576,	0
30344639,	0
30344638,	0
30344637,	0
30344636,	0
30344635,	0
30344634,	0
30344633,	0
30344632,	0
30344631,	0
30344630,	0
30344629,	0
30344628,	0
30344627,	0
30344626,	0
30344625,	0
30344624,	0
30344623,	0
30344622,	0
30344621,	0
30344620,	0
30344619,	0
30344618,	0
30344617,	0
30344616,	0
30344615,	0
30344614,	0
30344613,	0
30344612,	0
30344611,	0
30344610,	0
30344609,	0
30344608,	0
30344671,	0
30344670,	0
30344669,	0
30344668,	0
30344667,	0
30344666,	0
30344665,	0
30344664,	0
30344663,	0
30344662,	0
30344661,	0
30344660,	0
30344659,	0
30344658,	0
30344657,	0
30344656,	0
30344655,	0
30344654,	0
