30344653,	0
30344652,	0
30344651,	0
30344650,	0
30344649,	0
30344648,	0
30344647,	0
30344646,	0
30344645,	0
30344644,	0
30344643,	0
30344642,	0
30344641,	0
30344640,	0
30344703,	0
30344702,	0
30344701,	0
30344700,	0
30344699,	0
30344698,	0
30344697,	0
30344696,	0
30344695,	0
30344694,	0
30344693,	0
30344692,	0
30344691,	0
30344690,	0
30344689,	0
30344688,	0
30344687,	0
30344686,	0
30344685,	0
30344684,	0
30344683,	0
30344682,	0
30344681,	0
30344680,	0
30344679,	0
30344678,	0
30344677,	0
30344676,	0
30344675,	0
30344674,	0
30344673,	0
30344672,	0
30344735,	0
30344734,	0
30344733,	0
30344732,	0
30344731,	0
30344730,	0
30344729,	0
30344728,	0
30344727,	0
30344726,	0
30344725,	0
30344724,	0
30344723,	0
30344722,	0
30344721,	0
30344720,	0
30344719,	0
30344718,	0
30344717,	0
30344716,	0
30344715,	0
30344714,	0
30344713,	0
30344712,	0
30344711,	0
30344710,	0
30344709,	0
30344708,	0
30344707,	0
30344706,	0
30344705,	0
30344704,	0
30344767,	0
30344766,	0
30344765,	0
30344764,	0
30344763,	0
30344762,	0
30344761,	0
30344760,	0
30344759,	0
30344758,	0
30344757,	0
30344756,	0
30344755,	0
30344754,	0
30344753,	0
30344752,	0
30344751,	0
30344750,	0
30344749,	0
30344748,	0
30344747,	0
30344746,	0
30344745,	0
30344744,	0
30344743,	0
30344742,	0
30344741,	0
30344740,	0
30344739,	0
30344738,	0
30344737,	0
30344736,	0
30344831,	0
30344830,	0
30344829,	0
30344828,	0
30344827,	0
30344826,	0
30344825,	0
30344824,	0
30344823,	0
30344822,	0
30344821,	0
30344820,	0
30344819,	0
30344818,	0
30344817,	0
30344816,	0
30344815,	0
30344814,	0
30344813,	0
30344812,	0
30344811,	0
30344810,	0
30344809,	0
30344808,	0
30344807,	0
30344806,	0
30344805,	0
30344804,	0
30344803,	0
30344802,	0
30344801,	0
30344800,	0
30344863,	0
30344862,	0
30344861,	0
30344860,	0
30344859,	0
30344858,	0
30344857,	0
30344856,	0
30344855,	0
30344854,	0
30344853,	0
30344852,	0
30344851,	0
30344850,	0
30344849,	0
30344848,	0
30344847,	0
30344846,	0
30344845,	0
30344844,	0
30344843,	0
