30356715,	0
30356714,	0
30356712,	0
30356711,	0
30356710,	0
30356709,	0
30356708,	0
30356707,	0
30356706,	0
30356705,	0
30356704,	0
30356766,	0
30356765,	0
30356764,	0
30356763,	0
30356762,	0
30356761,	0
30356760,	0
30356753,	0
30356752,	0
30356746,	0
30356745,	0
30356743,	0
30356740,	0
30356739,	0
30356798,	0
30356797,	0
30356796,	0
30356795,	0
30356794,	0
30356793,	0
30356792,	0
30356791,	0
30356790,	0
30356789,	0
30356788,	0
30356786,	0
30356783,	194
30356782,	0
30356780,	0
30356779,	0
30356778,	0
30356776,	0
30356775,	0
30356774,	0
30356773,	0
30356772,	0
30356771,	0
30356770,	0
30356769,	0
30356768,	0
30356830,	0
30356829,	0
30356828,	0
30356827,	0
30356826,	0
30356825,	0
30356824,	0
30356823,	0
30356821,	0
30356820,	0
30356819,	0
30356818,	0
30356817,	0
30356816,	0
30356815,	0
30356811,	0
30356810,	0
30356809,	0
30356808,	0
30356807,	0
30356805,	0
30356804,	0
30356803,	0
30356802,	0
30356801,	0
30356800,	0
30356859,	0
30356858,	0
30356847,	0
30356846,	0
30356844,	0
30356843,	0
30356842,	0
30356840,	0
30356839,	0
30356838,	0
30356837,	0
30356836,	0
30356835,	0
30356834,	0
30356833,	0
30356832,	0
30356894,	0
30356893,	0
30356892,	0
30356891,	0
30356890,	0
30356889,	196
30356888,	196
30356881,	0
30356880,	0
30356879,	0
30356878,	196
30356877,	0
30356868,	0
30356867,	0
30356866,	0
30356865,	0
30356864,	196
30356926,	196
30356925,	0
30356924,	196
30356923,	0
30356922,	0
30356914,	0
30356913,	0
30356912,	0
30356911,	194
30356910,	0
30356902,	0
30356901,	196
30356900,	196
30356899,	196
30356898,	0
30356897,	0
30356896,	0
30356958,	0
30356957,	0
30356956,	0
30356955,	0
30356954,	0
30356953,	196
30356952,	196
30356945,	98
30356944,	0
30356943,	0
30356942,	0
30356940,	196
30356932,	0
30356931,	0
30356930,	0
30356929,	0
30356928,	196
30356990,	98
30356989,	0
30356988,	196
30356987,	0
30356986,	0
30356978,	0
30356977,	0
30356976,	0
30356975,	194
30356974,	0
30356966,	0
30356965,	98
30356964,	196
30356963,	196
30356962,	0
30356961,	0
30356960,	0
30357022,	0
30357021,	0
