30357020,	0
30357019,	0
30357018,	0
30357016,	17
30357009,	0
30357008,	0
30357007,	0
30357006,	0
30357004,	196
30356996,	0
30356995,	0
30356994,	0
30356993,	0
30356992,	17
30357054,	196
30357053,	0
30357052,	98
30357051,	0
30357050,	0
30357042,	0
30357041,	0
30357040,	0
30357039,	0
30357038,	0
30357030,	0
30357029,	0
30357028,	196
30357027,	17
30357026,	0
30357025,	0
30357024,	0
30357118,	0
30357117,	0
30357116,	0
30357115,	0
30357114,	0
30357113,	17
30357112,	196
30357105,	0
30357104,	0
30357103,	0
30357102,	0
30357100,	196
30357092,	0
30357091,	0
30357090,	0
30357089,	0
30357150,	196
30357149,	0
30357148,	0
30357147,	0
30357146,	0
30357145,	196
30357144,	196
30357141,	196
30357138,	0
30357137,	0
30357136,	0
30357135,	194
30357134,	0
30357126,	0
30357125,	196
30357124,	196
30357123,	196
30357122,	0
30357121,	0
30357120,	0
30357182,	0
30357181,	0
30357180,	0
30357179,	0
30357178,	0
30357177,	0
30357176,	0
30357175,	0
30357173,	0
30357172,	0
30357171,	0
30357170,	0
30357169,	0
30357168,	0
30357167,	0
30357163,	0
30357162,	0
30357161,	0
30357160,	0
30357159,	0
30357157,	0
30357156,	0
30357155,	0
30357154,	0
30357153,	0
30357152,	0
30357214,	0
30357213,	0
30357212,	0
30357211,	0
30357210,	0
30357209,	0
30357208,	0
30357207,	0
30357206,	0
30357205,	0
30357204,	0
30357202,	0
30357199,	0
30357198,	0
30357196,	0
30357195,	0
30357194,	0
30357192,	0
30357191,	0
30357190,	0
30357189,	0
30357188,	0
30357187,	0
30357186,	0
30357185,	0
30357184,	0
30357246,	0
30357245,	0
30357244,	0
30357243,	0
30357242,	0
30357241,	0
30357240,	0
30357238,	0
30357233,	0
30357232,	0
30357226,	0
30357225,	0
30357223,	0
30357222,	0
30357220,	0
30357219,	0
30357278,	0
30357277,	0
30357276,	0
30357275,	0
30357274,	0
30357273,	0
30357272,	0
30357271,	0
30357270,	0
30357269,	0
30357268,	0
30357266,	0
30357263,	0
30357262,	0
30357261,	0
30357260,	0
30357259,	0
30357258,	0
30357257,	0
30357256,	0
30357255,	0
30357254,	0
30357253,	0
30357252,	0
30357251,	0
30357250,	0
30357249,	0
