30361371,	0
30361370,	0
30361369,	0
30361368,	0
30361367,	0
30361366,	0
30361365,	0
30361364,	0
30361363,	0
30361362,	0
30361361,	0
30361360,	0
30361359,	0
30361358,	0
30361357,	0
30361356,	0
30361355,	0
30361354,	0
30361353,	0
30361352,	0
30361351,	0
30361350,	0
30361349,	0
30361348,	0
30361347,	0
30361346,	0
30361345,	0
30361344,	0
30361407,	0
30361406,	0
30361405,	0
30361404,	0
30361403,	0
30361402,	0
30361401,	0
30361400,	0
30361399,	0
30361398,	0
30361397,	0
30361396,	0
30361395,	0
30361394,	0
30361393,	0
30361392,	0
30361391,	0
30361390,	0
30361389,	0
30361388,	0
30361387,	0
30361386,	0
30361385,	0
30361384,	0
30361383,	0
30361382,	0
30361381,	0
30361380,	0
30361379,	0
30361378,	0
30361377,	0
30361376,	0
30361439,	0
30361438,	0
30361437,	0
30361436,	0
30361435,	0
30361434,	0
30361433,	0
30361432,	0
30361431,	0
30361430,	0
30361429,	0
30361428,	0
30361427,	0
30361426,	0
30361425,	0
30361424,	0
30361423,	0
30361422,	0
30361421,	0
30361420,	0
30361419,	0
30361418,	0
30361417,	0
30361416,	0
30361415,	0
30361414,	0
30361413,	0
30361412,	0
30361411,	0
30361410,	0
30361409,	0
30361408,	0
30361471,	0
30361470,	0
30361469,	0
30361468,	0
30361467,	0
30361466,	0
30361465,	0
30361464,	0
30361463,	0
30361462,	0
30361461,	0
30361460,	0
30361459,	0
30361458,	0
30361457,	0
30361456,	0
30361455,	0
30361454,	0
30361453,	0
30361452,	0
30361451,	0
30361450,	0
30361449,	0
30361448,	0
30361447,	0
30361446,	0
30361445,	0
30361444,	0
30361443,	0
30361442,	0
30361441,	0
30361440,	0
30361503,	0
30361502,	0
30361501,	0
30361500,	0
30361499,	0
30361498,	0
30361497,	0
30361496,	0
30361495,	0
30361494,	0
30361493,	0
30361492,	0
30361491,	0
30361490,	0
30361489,	0
30361488,	0
30361487,	0
30361486,	0
30361485,	0
30361484,	0
30361483,	0
30361482,	0
30361481,	0
30361480,	0
30361479,	0
30361478,	0
30361477,	0
30361476,	0
30361475,	0
30361474,	0
30361473,	0
30361472,	0
30361519,	0
30361518,	0
30361517,	0
30361516,	0
30361515,	0
30361514,	0
30361513,	0
30361512,	0
