30361888,	0
30361951,	0
30361950,	0
30361949,	0
30361948,	0
30361947,	0
30361946,	0
30361945,	0
30361944,	0
30361943,	0
30361942,	0
30361941,	0
30361940,	0
30361939,	0
30361938,	0
30361937,	0
30361936,	0
30361935,	0
30361934,	0
30361933,	0
30361932,	0
30361931,	0
30361930,	0
30361929,	0
30361928,	0
30361927,	0
30361926,	0
30361925,	0
30361924,	0
30361923,	0
30361922,	0
30361921,	0
30361920,	0
30361983,	0
30361982,	0
30361981,	0
30361980,	0
30361979,	0
30361978,	0
30361977,	0
30361976,	0
30361975,	0
30361974,	0
30361973,	0
30361972,	0
30361971,	0
30361970,	0
30361969,	0
30361968,	0
30361967,	0
30361966,	0
30361965,	0
30361964,	0
30361963,	0
30361962,	0
30361961,	0
30361960,	0
30361959,	0
30361958,	0
30361957,	0
30361956,	0
30361955,	0
30361954,	0
30361953,	0
30361952,	0
30362015,	0
30362014,	0
30362013,	0
30362012,	0
30362011,	0
30362010,	0
30362009,	0
30362008,	0
30362007,	0
30362006,	0
30362005,	0
30362004,	0
30362003,	0
30362002,	0
30362001,	0
30362000,	0
30361999,	0
30361998,	0
30361997,	0
30361996,	0
30361995,	0
30361994,	0
30361993,	0
30361992,	0
30361991,	0
30361990,	0
30361989,	0
30361988,	0
30361987,	0
30361986,	0
30361985,	0
30361984,	0
30362047,	0
30362046,	0
30362045,	0
30362044,	0
30362043,	0
30362042,	0
30362041,	0
30362040,	0
30362039,	0
30362038,	0
30362037,	0
30362036,	0
30362035,	0
30362034,	0
30362033,	0
30362032,	0
30362029,	0
30362028,	0
30362027,	0
30362026,	0
30362025,	0
30362024,	0
30362023,	0
30362022,	0
30362021,	0
30362020,	0
30362019,	0
30362018,	0
30362017,	0
30362016,	0
30362063,	0
30362062,	0
30362061,	0
30362060,	0
30362059,	0
30362058,	0
30362057,	0
30362056,	0
30362055,	0
30362054,	0
30362053,	0
30362052,	0
30362051,	0
30362050,	0
30362049,	0
30362048,	0
30362111,	0
30362110,	0
30362109,	0
30362108,	0
30362107,	0
30362106,	0
30362105,	0
30362104,	0
30362103,	0
30362102,	0
30362101,	0
30362100,	0
30362099,	0
30362098,	0
30362097,	0
30362096,	0
30362095,	0
30362094,	0
