30365560,	0
30365559,	0
30365558,	0
30365557,	0
30365556,	0
30365555,	0
30365554,	0
30365553,	0
30365552,	0
30365551,	0
30365550,	0
30365549,	0
30365548,	0
30365547,	0
30365546,	0
30365545,	0
30365544,	0
30365543,	0
30365542,	0
30365541,	0
30365540,	0
30365539,	0
30365538,	0
30365537,	0
30365536,	0
30365599,	0
30365598,	0
30365597,	0
30365596,	196
30365595,	0
30365594,	0
30365593,	0
30365592,	0
30365591,	0
30365590,	0
30365589,	0
30365588,	0
30365587,	0
30365586,	0
30365585,	0
30365584,	196
30365583,	0
30365582,	196
30365581,	0
30365580,	196
30365579,	0
30365578,	182
30365577,	0
30365576,	182
30365575,	0
30365574,	0
30365573,	0
30365572,	182
30365571,	0
30365570,	196
30365569,	0
30365568,	196
30365615,	0
30365614,	0
30365613,	0
30365612,	0
30365611,	0
30365610,	0
30365609,	0
30365608,	196
30365607,	0
30365606,	0
30365605,	0
30365604,	0
30365603,	0
30365602,	0
30365601,	0
30365600,	0
30365695,	0
30365694,	0
30365693,	0
30365692,	0
30365691,	0
30365690,	0
30365689,	0
30365688,	0
30365687,	0
30365686,	0
30365685,	0
30365684,	0
30365683,	0
30365682,	0
30365681,	0
30365680,	0
30365679,	0
30365678,	0
30365677,	0
30365676,	0
30365675,	0
30365674,	0
30365673,	0
30365672,	0
30365671,	0
30365670,	0
30365669,	0
30365668,	0
30365667,	0
30365666,	0
30365665,	0
30365664,	0
30365727,	0
30365726,	0
30365725,	0
30365724,	0
30365723,	0
30365722,	0
30365721,	0
30365720,	0
30365719,	0
30365718,	0
30365717,	0
30365716,	0
30365715,	0
30365714,	0
30365713,	0
30365712,	0
30365711,	0
30365710,	0
30365709,	0
30365708,	0
30365707,	0
30365706,	0
30365705,	0
30365704,	0
30365703,	0
30365702,	0
30365701,	0
30365700,	0
30365699,	0
30365698,	0
30365697,	0
30365696,	0
30365759,	0
30365758,	0
30365757,	0
30365756,	0
30365755,	0
30365754,	0
30365753,	0
30365752,	0
30365751,	0
30365750,	0
30365749,	0
30365748,	0
30365747,	0
30365746,	0
30365745,	0
30365744,	0
30365743,	0
30365742,	0
30365741,	0
30365740,	0
30365739,	0
30365738,	0
30365737,	0
30365736,	0
30365735,	0
30365734,	0
