30372556,	56
30372555,	0
30372554,	0
30372553,	0
30372552,	0
30372551,	0
30372550,	0
30372549,	0
30372548,	0
30372547,	0
30372546,	0
30372545,	0
30372544,	0
30372591,	0
30372590,	0
30372589,	0
30372588,	0
30372587,	0
30372586,	0
30372585,	0
30372584,	0
30372583,	0
30372582,	0
30372581,	0
30372580,	0
30372579,	0
30372578,	0
30372577,	0
30372576,	0
30372639,	0
30372638,	0
30372637,	0
30372636,	0
30372635,	0
30372634,	0
30372633,	0
30372632,	0
30372631,	0
30372630,	0
30372629,	0
30372628,	0
30372627,	0
30372626,	0
30372625,	0
30372624,	0
30372623,	0
30372622,	0
30372621,	0
30372620,	0
30372619,	0
30372618,	0
30372617,	0
30372616,	0
30372615,	0
30372614,	0
30372613,	0
30372612,	0
30372611,	0
30372610,	0
30372609,	0
30372608,	0
30372671,	14
30372670,	0
30372669,	0
30372668,	0
30372667,	28
30372666,	0
30372665,	28
30372664,	0
30372663,	0
30372662,	0
30372661,	0
30372660,	0
30372659,	0
30372658,	0
30372657,	0
30372656,	0
30372655,	0
30372654,	0
30372653,	0
30372652,	0
30372651,	0
30372650,	0
30372649,	0
30372648,	0
30372647,	0
30372646,	0
30372645,	0
30372644,	0
30372643,	0
30372642,	0
30372641,	0
30372640,	0
30372703,	0
30372702,	0
30372701,	0
30372700,	0
30372699,	0
30372698,	0
30372697,	0
30372696,	0
30372695,	0
30372694,	0
30372693,	0
30372692,	0
30372691,	0
30372690,	0
30372689,	0
30372688,	0
30372687,	0
30372686,	0
30372685,	0
30372684,	0
30372683,	0
30372682,	0
30372681,	0
30372680,	0
30372679,	0
30372678,	0
30372677,	0
30372676,	0
30372675,	0
30372674,	0
30372673,	0
30372672,	0
30372735,	0
30372734,	0
30372733,	0
30372732,	0
30372731,	0
30372730,	0
30372729,	0
30372728,	0
30372727,	0
30372726,	0
30372725,	0
30372724,	0
30372723,	0
30372722,	0
30372721,	0
30372720,	0
30372719,	0
30372718,	0
30372717,	0
30372716,	0
30372715,	0
30372714,	0
30372713,	0
30372712,	0
30372711,	0
30372710,	0
30372709,	0
30372708,	0
30372707,	0
30372706,	0
30372705,	0
30372704,	0
30372767,	0
30372766,	0
30372765,	0
30372764,	0
30372763,	0
30372762,	0
30372761,	0
