30387127,	0
30387126,	0
30387123,	0
30387122,	0
30387117,	0
30387107,	0
30387106,	0
30387165,	0
30387163,	0
30387162,	0
30387139,	0
30387138,	0
30387191,	0
30387190,	0
30387179,	0
30387178,	0
30387171,	0
30387170,	0
30387169,	0
30387219,	0
30387218,	0
30387255,	0
30387254,	0
30387251,	0
30387250,	0
30387249,	0
30387233,	0
30387283,	0
30387282,	0
30387267,	0
30387266,	0
30387265,	0
30387311,	0
30387310,	0
30387303,	0
30387302,	0
30387339,	0
30387338,	0
30389009,	0
30389008,	0
30389057,	0
30389056,	0
30389105,	0
30389104,	0
30389121,	0
30389120,	0
30389374,	0
30389358,	0
30389406,	0
30389394,	0
30389393,	0
30389392,	0
30389390,	0
30389378,	0
30389438,	0
30389409,	0
30389408,	0
30389470,	0
30389458,	0
30389442,	0
30389441,	0
30389440,	0
30389502,	0
30389486,	0
30389522,	0
30389538,	0
30389598,	0
30389585,	0
30389584,	0
30389569,	0
30389568,	0
30389617,	0
30389616,	0
30389601,	0
30389600,	0
30389649,	0
30389648,	0
30389633,	0
30389632,	0
30389681,	0
30389680,	0
30389677,	0
30389676,	0
30389665,	0
30389664,	0
30389697,	0
30389696,	0
30389745,	0
30389744,	0
30389742,	0
30389741,	0
30389740,	0
30389729,	0
30389728,	0
30389777,	0
30389776,	0
30389761,	0
30389760,	0
30389809,	0
30389808,	0
30389806,	0
30389793,	0
30389792,	0
30389873,	0
30389872,	0
30389857,	0
30389856,	0
30389917,	0
30389916,	0
30389902,	0
30389894,	0
30389889,	0
30389888,	0
30389953,	0
30389952,	0
30390006,	0
30389990,	0
30390038,	0
30390078,	0
30390077,	0
30390076,	0
30390061,	0
30390060,	0
30390094,	0
30390086,	0
30390129,	0
30390128,	0
30390126,	0
30390113,	0
30390112,	0
30390158,	0
30390145,	0
30390144,	0
30390182,	0
30390230,	0
30390222,	0
30390221,	0
30390220,	0
30390214,	0
30390209,	0
30390208,	0
30390269,	0
30390268,	0
30390257,	0
30390256,	0
30390241,	0
30390240,	0
30390301,	0
30390300,	0
30390294,	0
30390289,	0
30390288,	0
30390286,	0
30390278,	0
30390273,	0
30390272,	0
30390365,	0
30390364,	0
30390338,	0
30390390,	0
30390373,	0
30390372,	0
30390406,	0
