30395235,	0
30395232,	0
30395291,	0
30395288,	0
30395271,	0
30395268,	0
30395319,	0
30395316,	0
30395315,	0
30395312,	0
30395310,	0
30395309,	0
30395299,	0
30395296,	0
30395358,	164
30395357,	164
30395355,	0
30395352,	0
30395331,	0
30395328,	0
30395383,	0
30395380,	0
30395371,	0
30395368,	0
30395363,	0
30395362,	0
30395361,	0
30395360,	0
30395411,	0
30395408,	0
30395447,	0
30395444,	0
30395443,	0
30395442,	0
30395441,	0
30395440,	0
30395426,	0
30395425,	0
30395475,	0
30395472,	0
30395459,	0
30395458,	0
30395457,	0
30395456,	0
30395503,	0
30395500,	0
30395495,	0
30395492,	0
30395531,	0
30395528,	0
30397203,	0
30397200,	0
30397251,	0
30397248,	0
30397299,	0
30397296,	0
30397315,	0
30397312,	0
30397566,	0
30397565,	0
30397550,	0
30397549,	0
30397598,	0
30397597,	0
30397587,	0
30397586,	0
30397585,	0
30397584,	0
30397582,	0
30397581,	0
30397570,	0
30397569,	14
30397630,	0
30397629,	0
30397603,	0
30397600,	0
30397662,	0
30397661,	0
30397650,	0
30397649,	0
30397635,	0
30397634,	0
30397633,	0
30397632,	0
30397694,	0
30397693,	0
30397678,	0
30397677,	0
30397714,	0
30397713,	0
30397730,	0
30397729,	0
30397790,	0
30397789,	0
30397779,	0
30397776,	0
30397763,	0
30397760,	0
30397811,	0
30397808,	0
30397795,	0
30397792,	0
30397843,	0
30397840,	0
30397827,	0
30397824,	0
30397875,	0
30397872,	0
30397871,	182
30397868,	0
30397859,	0
30397856,	0
30397891,	0
30397888,	0
30397939,	0
30397936,	0
30397935,	14
30397934,	0
30397933,	0
30397932,	0
30397923,	0
30397920,	0
30397971,	0
30397968,	0
30397955,	0
30397952,	0
30398003,	0
30398000,	0
30397998,	0
30397997,	0
30397987,	0
30397984,	0
30398067,	0
30398064,	0
30398051,	0
30398048,	0
30398111,	0
30398108,	0
30398094,	0
30398093,	0
30398086,	0
30398085,	0
30398083,	0
30398080,	0
30398147,	0
30398144,	0
30398198,	0
30398197,	0
30398182,	0
30398181,	0
30398230,	0
30398229,	0
30398271,	0
30398270,	0
30398269,	0
30398268,	0
30398255,	0
30398252,	0
30398286,	0
30398285,	196
30398278,	0
30398277,	0
30398323,	0
30398320,	0
