30413592,	0
30413589,	0
30413588,	0
30413587,	0
30413586,	0
30413571,	0
30413570,	0
30413569,	0
30413568,	0
30413631,	0
30413630,	0
30413629,	42
30413628,	0
30413619,	0
30413618,	0
30413613,	0
30413612,	0
30413603,	0
30413602,	0
30413601,	0
30413600,	0
30413663,	0
30413662,	0
30413661,	0
30413660,	0
30413659,	0
30413658,	0
30413651,	0
30413650,	0
30413645,	0
30413644,	0
30413641,	84
30413640,	0
30413635,	0
30413634,	0
30413693,	0
30413692,	0
30413689,	0
30413688,	0
30413679,	0
30413678,	0
30413667,	0
30413666,	0
30413725,	0
30413724,	0
30413723,	0
30413722,	0
30413721,	112
30413720,	196
30413707,	54
30413706,	44
30413699,	0
30413698,	0
30413697,	196
30413696,	112
30413759,	128
30413758,	180
30413757,	0
30413756,	0
30413755,	196
30413754,	112
30413741,	0
30413740,	0
30413739,	0
30413738,	0
30413791,	0
30413790,	0
30413789,	0
30413788,	0
30413787,	81
30413786,	0
30413761,	0
30413760,	0
30413821,	128
30413820,	128
30413805,	0
30413804,	0
30413803,	0
30413802,	0
30413827,	0
30413826,	0
30413873,	0
30413872,	0
30413857,	0
30413856,	0
30413915,	0
30413914,	0
30413905,	0
30413904,	0
30413899,	0
30413898,	0
30413933,	0
30413932,	0
30413921,	0
30413920,	0
30413981,	0
30413980,	0
30413979,	0
30413978,	0
30413953,	0
30413952,	0
30414015,	0
30414014,	0
30414013,	0
30414012,	0
30413999,	0
30413998,	0
30413987,	0
30413986,	0
30414037,	0
30414036,	0
30414033,	0
30414032,	0
30414031,	0
30414030,	0
30414019,	0
30414018,	0
30414017,	0
30414016,	0
30414077,	0
30414076,	0
30414065,	0
30414064,	0
30414063,	0
30414062,	0
30414061,	0
30414060,	0
30414049,	0
30414048,	0
30414107,	0
30414106,	0
30414105,	0
30414104,	0
30414099,	0
30414098,	0
30414097,	0
30414096,	0
30414095,	0
30414094,	0
30414093,	0
30414092,	0
30414091,	0
30414090,	0
30414083,	0
30414082,	0
30414081,	0
30414080,	0
30414141,	0
30414140,	0
30414139,	0
30414138,	0
30414131,	0
30414130,	0
30414115,	0
30414114,	0
30414113,	0
30414112,	0
30414175,	0
30414174,	0
30414171,	0
30414170,	0
30414169,	0
30414168,	0
