30425938,	0
30425935,	0
30425933,	0
30425932,	0
30425929,	0
30425928,	0
30425923,	0
30425922,	0
30425921,	0
30425983,	0
30425981,	0
30425980,	0
30425977,	0
30425976,	0
30425975,	196
30425967,	0
30425966,	0
30425965,	0
30425961,	0
30425955,	0
30425954,	0
30426015,	0
30426013,	0
30426012,	0
30426010,	0
30426009,	0
30426008,	0
30426007,	0
30426003,	0
30426001,	0
30425999,	0
30425997,	0
30425994,	0
30425993,	0
30425991,	0
30425986,	0
30425985,	0
30425984,	0
30426047,	0
30426046,	128
30426045,	0
30426044,	0
30426042,	0
30426041,	0
30426039,	0
30426035,	0
30426033,	0
30426031,	0
30426029,	0
30426028,	0
30426026,	0
30426025,	0
30426019,	0
30426079,	0
30426078,	0
30426076,	0
30426074,	0
30426073,	196
30426063,	0
30426057,	0
30426049,	0
30426048,	0
30426111,	0
30426108,	128
30426105,	0
30426095,	0
30426092,	0
30426090,	0
30426089,	0
30426083,	0
30426081,	0
30426141,	0
30426135,	0
30426127,	0
30426114,	0
30426113,	0
30426169,	0
30426160,	0
30426159,	0
30426157,	0
30426145,	0
30426144,	0
30426202,	0
30426201,	0
30426199,	0
30426193,	0
30426192,	0
30426189,	0
30426186,	0
30426185,	0
30426220,	0
30426217,	0
30426208,	0
30426268,	0
30426266,	0
30426263,	0
30426259,	0
30426253,	0
30426247,	0
30426243,	0
30426240,	0
30426302,	0
30426301,	0
30426300,	0
30426287,	0
30426286,	0
30426281,	0
30426274,	0
30426273,	0
30426329,	0
30426327,	0
30426324,	0
30426323,	0
30426320,	0
30426318,	0
30426317,	0
30426307,	0
30426306,	0
30426304,	0
30426365,	0
30426364,	0
30426359,	0
30426355,	0
30426352,	0
30426351,	0
30426350,	0
30426349,	0
30426348,	0
30426345,	0
30426336,	0
30426399,	0
30426397,	0
30426394,	0
30426393,	0
30426392,	0
30426391,	0
30426386,	0
30426385,	0
30426384,	0
30426382,	0
30426380,	0
30426378,	0
30426371,	0
30426370,	0
30426368,	0
30426428,	0
30426426,	0
30426423,	0
30426418,	0
30426417,	0
30426415,	0
30426413,	0
30426403,	0
30426402,	0
30426400,	0
30426462,	0
30426458,	0
30426457,	0
30426456,	0
30426450,	0
30426449,	0
30426448,	0
30426446,	0
