30431816,	0
30431813,	0
30431846,	0
30431841,	54
30431894,	0
30431887,	0
30431879,	0
30431878,	0
30431877,	0
30431942,	0
30431941,	0
30431990,	0
30431975,	0
30431973,	0
30432005,	0
30432062,	0
30432038,	0
30432110,	0
30432142,	0
30432187,	0
30432167,	0
30432225,	0
30432278,	0
30432276,	0
30432275,	0
30432311,	0
30432310,	0
30432290,	0
30432336,	0
30432331,	0
30432322,	0
30432372,	0
30432370,	0
30432368,	0
30432363,	0
30432352,	0
30432414,	0
30432406,	0
30432404,	0
30432403,	0
30432388,	0
30432386,	0
30433924,	0
30434014,	0
30434003,	0
30433986,	0
30433985,	84
30434045,	0
30434039,	56
30434033,	118
30434029,	0
30434023,	0
30434017,	84
30434077,	103
30434076,	0
30434073,	0
30434072,	0
30434071,	0
30434068,	0
30434066,	0
30434065,	0
30434063,	0
30434057,	84
30434055,	0
30434051,	52
30434050,	0
30434049,	0
30434048,	0
30434111,	24
30434110,	0
30434109,	0
30434108,	0
30434105,	84
30434103,	94
30434098,	0
30434097,	0
30434093,	0
30434092,	0
30434083,	0
30434082,	0
30434080,	0
30434143,	0
30434142,	0
30434141,	0
30434140,	0
30434138,	0
30434137,	0
30434135,	0
30434131,	0
30434130,	0
30434127,	0
30434125,	70
30434124,	0
30434121,	0
30434120,	128
30434115,	140
30434114,	0
30434113,	0
30434175,	136
30434173,	0
30434172,	0
30434169,	131
30434168,	0
30434167,	0
30434159,	0
30434158,	0
30434157,	0
30434153,	0
30434147,	110
30434146,	0
30434207,	92
30434205,	180
30434204,	0
30434202,	0
30434201,	196
30434200,	0
30434199,	0
30434195,	0
30434193,	0
30434191,	0
30434189,	0
30434186,	0
30434185,	168
30434183,	0
30434178,	0
30434177,	158
30434176,	0
30434239,	196
30434238,	0
30434237,	0
30434236,	0
30434234,	0
30434233,	0
30434231,	0
30434227,	60
30434225,	0
30434223,	0
30434221,	0
30434220,	0
30434218,	0
30434217,	0
30434211,	0
30434271,	0
30434270,	0
30434268,	0
30434266,	0
30434265,	168
30434255,	0
30434249,	0
30434241,	0
30434240,	0
30434303,	0
30434300,	0
30434297,	0
30434287,	0
30434284,	0
30434282,	0
30434281,	0
30434275,	0
30434273,	0
30434333,	0
30434327,	0
30434319,	0
