30434306,	0
30434305,	0
30434361,	0
30434352,	0
30434351,	0
30434349,	0
30434337,	0
30434336,	0
30434394,	0
30434393,	0
30434391,	0
30434385,	0
30434384,	0
30434381,	0
30434378,	0
30434377,	0
30434412,	0
30434409,	0
30434400,	0
30434460,	0
30434458,	0
30434455,	0
30434451,	0
30434445,	0
30434439,	0
30434435,	0
30434432,	0
30434494,	0
30434493,	0
30434492,	0
30434479,	0
30434478,	0
30434473,	0
30434466,	0
30434465,	0
30434521,	0
30434519,	0
30434516,	0
30434515,	0
30434512,	0
30434510,	0
30434509,	0
30434499,	0
30434498,	0
30434496,	0
30434557,	0
30434556,	0
30434551,	0
30434547,	0
30434544,	0
30434543,	0
30434542,	0
30434541,	196
30434540,	0
30434537,	0
30434528,	0
30434591,	0
30434589,	0
30434586,	0
30434585,	0
30434584,	0
30434583,	0
30434578,	0
30434577,	0
30434576,	0
30434574,	0
30434572,	0
30434570,	0
30434563,	0
30434562,	0
30434560,	0
30434620,	0
30434618,	0
30434615,	0
30434610,	0
30434609,	0
30434607,	0
30434605,	0
30434595,	0
30434594,	0
30434592,	0
30434654,	0
30434650,	0
30434649,	0
30434648,	0
30434642,	0
30434641,	0
30434640,	0
30434638,	0
30434636,	0
30434634,	0
30434631,	0
30434626,	0
30434624,	0
30434685,	0
30434684,	0
30434682,	0
30434681,	0
30434675,	0
30434672,	0
30434671,	0
30434669,	0
30434664,	0
30434663,	0
30434659,	0
30434658,	0
30434657,	0
30434656,	0
30434719,	0
30434714,	0
30434713,	0
30434711,	0
30434707,	0
30434703,	0
30434701,	0
30434698,	0
30434697,	0
30434695,	0
30434692,	0
30434691,	0
30434689,	0
30434751,	0
30434745,	0
30434737,	0
30434736,	0
30434735,	0
30434732,	0
30434730,	0
30434729,	0
30434723,	0
30434722,	0
30434721,	0
30434720,	0
30434782,	0
30434781,	0
30434780,	0
30434778,	0
30434775,	0
30434771,	0
30434770,	0
30434767,	0
30434765,	0
30434761,	0
30434759,	0
30434755,	0
30434753,	0
30434752,	0
30434815,	0
30434810,	0
30434809,	0
30434803,	0
30434800,	0
30434799,	0
30434797,	0
30434794,	0
30434793,	0
30434787,	0
30434786,	0
30434785,	0
30434784,	0
30434847,	0
30434845,	0
30434842,	0
30434839,	0
