30446746,	0
30446744,	0
30446742,	0
30446739,	0
30446737,	0
30446735,	98
30446733,	0
30446731,	0
30446729,	0
30446727,	0
30446724,	0
30446722,	0
30446783,	0
30446778,	0
30446777,	0
30446776,	0
30446770,	0
30446761,	0
30446759,	0
30446754,	0
30446753,	0
30446752,	0
30446815,	0
30446812,	0
30446810,	0
30446808,	0
30446806,	0
30446803,	0
30446801,	0
30446799,	0
30446797,	0
30446795,	0
30446793,	0
30446791,	0
30446788,	0
30446786,	0
30446847,	0
30446842,	0
30446841,	0
30446840,	0
30446834,	0
30446825,	0
30446823,	0
30446818,	0
30446817,	0
30446816,	0
30446879,	0
30446876,	0
30446875,	0
30446874,	0
30446872,	0
30446870,	0
30446869,	196
30446867,	0
30446865,	0
30446864,	0
30446863,	0
30446861,	0
30446859,	0
30446857,	0
30446855,	0
30446852,	0
30446850,	0
30446849,	0
30446911,	0
30446906,	0
30446905,	0
30446904,	0
30446898,	0
30446897,	0
30446890,	196
30446889,	0
30446888,	0
30446887,	0
30446883,	0
30446882,	0
30446881,	0
30446880,	0
30446943,	0
30446941,	0
30446940,	0
30446939,	0
30446938,	0
30446936,	0
30446934,	196
30446933,	196
30446931,	0
30446929,	0
30446927,	0
30446926,	0
30446925,	0
30446923,	0
30446922,	0
30446921,	0
30446919,	0
30446917,	0
30446916,	0
30446914,	0
30446913,	0
30446975,	0
30446973,	0
30446972,	0
30446970,	0
30446969,	0
30446968,	0
30446964,	0
30446963,	0
30446962,	0
30446956,	0
30446954,	196
30446953,	0
30446951,	0
30446948,	0
30446946,	0
30446945,	0
30446944,	0
30447007,	0
30447005,	0
30447004,	0
30447002,	0
30446998,	0
30446995,	0
30446993,	0
30446991,	0
30446989,	0
30446987,	0
30446985,	0
30446983,	0
30446981,	0
30446980,	0
30446978,	0
30447039,	0
30447036,	0
30447034,	0
30447033,	0
30447032,	0
30447027,	0
30447026,	0
30447020,	0
30447017,	0
30447016,	0
30447015,	0
30447012,	0
30447010,	0
30447009,	0
30447008,	0
30447071,	0
30447069,	0
30447068,	0
30447067,	0
30447066,	0
30447064,	0
30447063,	0
30447062,	196
30447061,	196
30447059,	0
30447058,	0
30447057,	0
30447055,	0
30447054,	0
30447053,	0
30447051,	0
30447049,	0
30447047,	0
