30450892,	0
30450890,	0
30450888,	0
30450886,	0
30450885,	0
30450883,	0
30450942,	0
30450939,	0
30450937,	0
30450936,	0
30450931,	0
30450920,	196
30450918,	0
30450915,	0
30450913,	0
30450912,	0
30450974,	0
30450973,	0
30450971,	0
30450970,	0
30450969,	0
30450967,	0
30450964,	0
30450962,	0
30450961,	0
30450960,	0
30450958,	0
30450956,	0
30450954,	0
30450952,	0
30450950,	0
30450949,	0
30450947,	0
30450944,	0
30451006,	0
30451003,	0
30451001,	0
30451000,	0
30450995,	0
30450992,	0
30450987,	0
30450985,	0
30450984,	196
30450982,	0
30450979,	0
30450978,	0
30450977,	0
30450976,	0
30451038,	0
30451037,	0
30451036,	0
30451035,	0
30451034,	0
30451033,	0
30451031,	196
30451028,	196
30451026,	0
30451024,	0
30451023,	0
30451022,	0
30451020,	0
30451019,	0
30451018,	0
30451016,	0
30451014,	0
30451013,	0
30451012,	0
30451011,	0
30451008,	0
30451070,	0
30451069,	0
30451068,	0
30451067,	0
30451065,	0
30451064,	0
30451061,	0
30451059,	0
30451058,	0
30451053,	0
30451051,	0
30451048,	0
30451046,	0
30451045,	0
30451043,	0
30451041,	0
30451040,	0
30451102,	0
30451101,	0
30451100,	0
30451099,	0
30451095,	0
30451090,	0
30451088,	0
30451086,	0
30451084,	0
30451082,	0
30451080,	0
30451078,	0
30451077,	0
30451076,	0
30451075,	0
30451134,	0
30451133,	0
30451131,	0
30451129,	0
30451128,	0
30451123,	0
30451122,	0
30451117,	0
30451113,	0
30451112,	0
30451110,	0
30451109,	0
30451107,	0
30451105,	0
30451104,	0
30451166,	0
30451165,	0
30451164,	0
30451163,	0
30451162,	0
30451161,	0
30451159,	196
30451158,	0
30451156,	0
30451155,	0
30451154,	0
30451152,	0
30451151,	0
30451150,	0
30451148,	0
30451146,	0
30451144,	0
30451142,	0
30451141,	0
30451139,	0
30451136,	0
30451198,	0
30451196,	0
30451195,	0
30451193,	0
30451192,	0
30451190,	0
30451187,	0
30451182,	0
30451179,	0
30451178,	0
30451177,	0
30451176,	196
30451174,	0
30451171,	0
30451169,	0
30451168,	0
30451230,	0
30451229,	0
30451227,	0
30451225,	0
30451223,	0
30451218,	0
30451216,	0
30451214,	0
30451212,	0
30451210,	0
