30458813,	168
30458809,	0
30458808,	0
30458807,	0
30458805,	0
30458802,	0
30458799,	0
30458798,	0
30458794,	140
30458793,	196
30458792,	0
30458791,	112
30458790,	0
30458789,	0
30458787,	0
30458786,	69
30458785,	0
30458784,	168
30458847,	0
30458846,	0
30458845,	0
30458844,	0
30458843,	0
30458842,	0
30458839,	0
30458835,	0
30458833,	0
30458831,	0
30458830,	0
30458829,	0
30458827,	0
30458825,	0
30458823,	0
30458822,	0
30458821,	0
30458819,	0
30458817,	0
30458879,	0
30458878,	0
30458876,	0
30458874,	0
30458872,	0
30458871,	0
30458869,	0
30458867,	0
30458864,	0
30458863,	0
30458862,	0
30458860,	0
30458857,	0
30458855,	0
30458854,	0
30458853,	0
30458851,	0
30458850,	0
30458849,	0
30458848,	0
30458906,	0
30458897,	0
30458889,	0
30458888,	0
30458882,	0
30458937,	0
30458913,	0
30458912,	0
30458970,	0
30458961,	0
30458953,	0
30458946,	0
30459001,	0
30458977,	0
30458976,	0
30459039,	70
30459036,	0
30459034,	0
30459032,	0
30459030,	42
30459027,	0
30459025,	0
30459023,	0
30459021,	0
30459019,	0
30459017,	0
30459015,	42
30459012,	0
30459010,	0
30459071,	42
30459066,	0
30459065,	0
30459064,	70
30459058,	0
30459049,	0
30459047,	98
30459042,	0
30459041,	0
30459040,	0
30459103,	0
30459100,	0
30459098,	0
30459096,	0
30459094,	0
30459091,	0
30459089,	0
30459087,	0
30459085,	0
30459083,	0
30459081,	0
30459079,	0
30459076,	0
30459074,	0
30459135,	0
30459130,	0
30459129,	0
30459128,	0
30459122,	0
30459113,	0
30459111,	0
30459106,	0
30459105,	0
30459104,	0
30459167,	0
30459164,	0
30459163,	0
30459162,	0
30459160,	0
30459158,	0
30459157,	196
30459155,	0
30459153,	0
30459152,	0
30459151,	0
30459149,	0
30459147,	0
30459145,	0
30459143,	0
30459140,	0
30459138,	0
30459137,	0
30459199,	0
30459194,	0
30459193,	0
30459192,	0
30459186,	0
30459185,	0
30459178,	196
30459177,	196
30459176,	0
30459175,	0
30459171,	0
30459170,	0
30459169,	0
30459168,	0
30459231,	0
30459229,	0
30459228,	0
30459227,	0
30459226,	0
30459224,	0
30459222,	196
30459221,	196
30459219,	0
30459217,	0
30459215,	0
