30480021,	0
30480019,	0
30480018,	0
30480015,	0
30480012,	0
30480011,	0
30480010,	0
30480009,	0
30480007,	0
30480006,	0
30480004,	0
30480002,	0
30480001,	0
30480000,	0
30480063,	0
30480062,	0
30480061,	0
30480060,	0
30480059,	0
30480058,	0
30480057,	0
30480056,	0
30480053,	0
30480052,	0
30480051,	0
30480050,	0
30480049,	0
30480044,	0
30480043,	0
30480042,	0
30480041,	0
30480040,	0
30480039,	0
30480038,	0
30480037,	0
30480036,	0
30480035,	0
30480034,	0
30480033,	0
30480032,	0
30480095,	0
30480094,	0
30480092,	0
30480090,	0
30480089,	0
30480088,	0
30480087,	0
30480085,	0
30480083,	0
30480082,	0
30480081,	0
30480080,	0
30480079,	0
30480078,	0
30480076,	0
30480074,	0
30480073,	0
30480072,	0
30480071,	0
30480070,	0
30480068,	0
30480066,	0
30480065,	0
30480064,	0
30480127,	0
30480126,	0
30480125,	0
30480124,	0
30480123,	0
30480122,	0
30480121,	0
30480120,	0
30480116,	0
30480115,	0
30480114,	0
30480113,	0
30480112,	0
30480111,	0
30480108,	0
30480107,	0
30480106,	0
30480105,	0
30480104,	0
30480102,	0
30480101,	0
30480100,	0
30480099,	0
30480098,	0
30480097,	0
30480158,	0
30480156,	0
30480154,	0
30480153,	0
30480152,	0
30480149,	0
30480147,	0
30480146,	0
30480145,	0
30480142,	0
30480140,	0
30480138,	0
30480137,	0
30480136,	0
30480134,	0
30480132,	0
30480130,	0
30480129,	0
30480128,	0
30480191,	0
30480190,	0
30480189,	0
30480188,	0
30480187,	0
30480186,	0
30480185,	0
30480184,	0
30480183,	0
30480182,	0
30480181,	0
30480180,	0
30480179,	0
30480178,	0
30480177,	0
30480174,	0
30480173,	0
30480172,	0
30480171,	0
30480170,	0
30480169,	0
30480167,	0
30480166,	0
30480165,	0
30480164,	0
30480163,	0
30480162,	0
30480161,	0
30480222,	0
30480221,	0
30480220,	0
30480219,	0
30480218,	0
30480217,	0
30480214,	0
30480213,	0
30480212,	0
30480211,	0
30480210,	0
30480209,	0
30480207,	0
30480206,	0
30480205,	0
30480204,	0
30480203,	0
30480202,	0
30480201,	0
30480200,	0
30480199,	0
30480198,	0
30480197,	0
30480196,	0
30480195,	0
30480194,	0
30480193,	0
