30483386,	0
30483385,	0
30483384,	0
30483383,	0
30483382,	0
30483381,	0
30483380,	0
30483379,	0
30483378,	0
30483377,	0
30483376,	0
30483375,	0
30483374,	0
30483373,	0
30483372,	0
30483371,	0
30483370,	0
30483369,	0
30483368,	0
30483367,	0
30483366,	0
30483365,	0
30483364,	0
30483363,	0
30483362,	0
30483361,	0
30483360,	0
30483423,	0
30483422,	0
30483421,	0
30483420,	0
30483419,	0
30483418,	0
30483417,	0
30483416,	0
30483415,	0
30483414,	0
30483413,	0
30483412,	0
30483411,	0
30483410,	0
30483409,	0
30483408,	0
30483407,	0
30483406,	0
30483405,	0
30483404,	0
30483403,	0
30483402,	0
30483401,	0
30483400,	0
30483399,	0
30483398,	0
30483397,	0
30483396,	0
30483395,	0
30483394,	0
30483393,	0
30483392,	0
30483455,	0
30483454,	0
30483453,	0
30483452,	0
30483451,	0
30483450,	0
30483449,	0
30483448,	0
30483447,	0
30483446,	0
30483445,	0
30483444,	0
30483443,	0
30483442,	0
30483441,	0
30483440,	0
30483439,	0
30483438,	0
30483437,	0
30483436,	0
30483435,	0
30483434,	0
30483433,	0
30483432,	0
30483431,	0
30483430,	0
30483429,	0
30483428,	0
30483427,	0
30483426,	0
30483425,	0
30483424,	0
30483615,	0
30483614,	0
30483613,	0
30483612,	0
30483611,	0
30483610,	0
30483609,	0
30483608,	0
30483607,	0
30483606,	0
30483605,	0
30483604,	0
30483603,	0
30483602,	0
30483601,	0
30483600,	0
30483599,	0
30483598,	0
30483597,	0
30483596,	0
30483595,	0
30483594,	0
30483593,	0
30483592,	0
30483591,	0
30483590,	0
30483589,	0
30483588,	0
30483587,	0
30483586,	0
30483585,	0
30483584,	0
30483647,	0
30483646,	0
30483645,	0
30483644,	0
30483643,	0
30483642,	0
30483641,	0
30483640,	0
30483639,	0
30483638,	0
30483637,	0
30483636,	0
30483635,	0
30483634,	0
30483633,	0
30483632,	0
30483631,	0
30483630,	0
30483629,	0
30483628,	0
30483627,	0
30483626,	0
30483625,	0
30483624,	0
30483623,	0
30483622,	0
30483621,	0
30483620,	0
30483619,	0
30483618,	0
30483617,	0
30483616,	0
30483679,	0
30483678,	0
30483677,	0
30483676,	0
30483675,	0
30483674,	0
30483673,	0
30483672,	0
30483671,	0
