30484392,	0
30484391,	0
30484390,	0
30484389,	0
30484388,	0
30484387,	0
30484386,	0
30484385,	0
30484384,	0
30484431,	0
30484430,	0
30484429,	0
30484428,	0
30484427,	0
30484426,	0
30484425,	0
30484424,	0
30484423,	0
30484422,	0
30484421,	0
30484420,	0
30484419,	0
30484418,	0
30484417,	0
30484416,	0
30484479,	0
30484478,	0
30484477,	0
30484476,	0
30484475,	0
30484474,	0
30484473,	0
30484472,	0
30484471,	0
30484470,	0
30484469,	0
30484468,	0
30484467,	0
30484466,	0
30484465,	0
30484464,	0
30484463,	0
30484462,	0
30484461,	0
30484460,	0
30484459,	0
30484458,	0
30484457,	0
30484456,	0
30484455,	0
30484454,	0
30484453,	0
30484452,	0
30484451,	0
30484450,	0
30484449,	0
30484448,	0
30484511,	0
30484510,	0
30484509,	0
30484508,	0
30484507,	0
30484506,	0
30484505,	0
30484504,	0
30484503,	0
30484502,	0
30484501,	0
30484500,	0
30484499,	0
30484498,	0
30484497,	0
30484496,	0
30484495,	0
30484494,	0
30484493,	0
30484492,	0
30484491,	0
30484490,	0
30484489,	0
30484488,	0
30484487,	0
30484486,	0
30484485,	0
30484484,	0
30484483,	0
30484482,	0
30484481,	0
30484480,	0
30484543,	0
30484542,	0
30484541,	196
30484540,	0
30484539,	0
30484538,	0
30484537,	0
30484536,	0
30484535,	0
30484534,	0
30484533,	196
30484532,	196
30484531,	0
30484530,	0
30484529,	0
30484528,	0
30484527,	0
30484526,	0
30484525,	0
30484524,	0
30484523,	0
30484522,	0
30484521,	0
30484520,	0
30484519,	0
30484518,	0
30484517,	0
30484516,	0
30484515,	0
30484514,	0
30484513,	0
30484512,	0
30484559,	0
30484558,	0
30484557,	0
30484556,	0
30484555,	0
30484554,	0
30484553,	0
30484552,	0
30484551,	0
30484550,	0
30484549,	0
30484548,	0
30484547,	0
30484546,	0
30484545,	0
30484544,	0
30484607,	0
30484606,	0
30484605,	0
30484604,	0
30484603,	0
30484602,	0
30484601,	0
30484600,	0
30484599,	0
30484598,	0
30484597,	0
30484596,	0
30484595,	0
30484594,	0
30484593,	0
30484592,	0
30484591,	0
30484590,	0
30484589,	0
30484588,	0
30484587,	0
30484586,	0
30484585,	0
30484584,	0
30484583,	0
30484582,	0
