30485025,	0
30485024,	0
30485071,	0
30485070,	0
30485069,	0
30485068,	0
30485067,	0
30485066,	0
30485065,	0
30485064,	0
30485063,	0
30485062,	0
30485061,	0
30485060,	0
30485059,	0
30485058,	0
30485057,	0
30485056,	0
30487327,	0
30487326,	40
30487325,	0
30487324,	0
30487323,	0
30487322,	30
30487321,	0
30487320,	0
30487319,	0
30487318,	24
30487317,	0
30487316,	0
30487315,	0
30487314,	18
30487313,	0
30487312,	0
30487311,	0
30487310,	0
30487309,	0
30487308,	0
30487307,	0
30487306,	0
30487305,	0
30487304,	0
30487303,	0
30487302,	0
30487301,	0
30487300,	0
30487299,	0
30487298,	0
30487297,	0
30487296,	0
30487359,	0
30487358,	0
30487357,	0
30487356,	0
30487355,	0
30487354,	0
30487353,	0
30487352,	0
30487351,	0
30487350,	0
30487349,	0
30487348,	0
30487347,	0
30487346,	0
30487345,	0
30487344,	0
30487343,	0
30487342,	0
30487341,	0
30487340,	0
30487339,	0
30487338,	0
30487337,	0
30487336,	0
30487335,	0
30487334,	0
30487333,	0
30487332,	0
30487331,	0
30487330,	0
30487329,	0
30487328,	0
30487391,	0
30487390,	0
30487389,	94
30487388,	0
30487387,	0
30487386,	0
30487385,	0
30487384,	0
30487383,	0
30487382,	0
30487381,	0
30487380,	0
30487379,	0
30487378,	0
30487377,	0
30487376,	0
30487375,	0
30487374,	0
30487373,	0
30487372,	0
30487371,	0
30487370,	0
30487369,	0
30487368,	0
30487367,	0
30487366,	0
30487365,	0
30487364,	0
30487363,	0
30487362,	0
30487361,	0
30487360,	0
30487423,	0
30487422,	0
30487421,	0
30487420,	0
30487419,	0
30487418,	0
30487417,	0
30487416,	0
30487415,	128
30487414,	0
30487413,	0
30487412,	0
30487411,	0
30487410,	0
30487409,	0
30487408,	0
30487407,	0
30487406,	0
30487405,	0
30487404,	0
30487403,	0
30487402,	0
30487401,	0
30487400,	0
30487399,	0
30487398,	0
30487397,	0
30487396,	0
30487395,	0
30487394,	0
30487393,	0
30487392,	0
30487455,	0
30487454,	0
30487453,	0
30487452,	0
30487451,	0
30487450,	0
30487449,	0
30487448,	0
30487447,	0
30487446,	0
30487445,	0
30487444,	0
30487443,	0
30487442,	0
30487441,	0
30487440,	0
30487439,	0
