30487879,	0
30487878,	0
30487877,	0
30487876,	0
30487875,	0
30487874,	0
30487873,	0
30487872,	0
30487935,	0
30487934,	0
30487933,	0
30487932,	0
30487931,	0
30487930,	0
30487929,	0
30487928,	0
30487927,	0
30487926,	0
30487925,	0
30487924,	0
30487923,	0
30487922,	0
30487921,	0
30487920,	0
30487919,	0
30487918,	0
30487917,	0
30487916,	0
30487915,	0
30487914,	0
30487913,	0
30487912,	0
30487911,	0
30487910,	0
30487909,	0
30487908,	0
30487907,	0
30487906,	0
30487905,	0
30487904,	0
30487967,	0
30487966,	0
30487965,	0
30487964,	0
30487963,	0
30487962,	0
30487961,	0
30487960,	0
30487959,	0
30487958,	0
30487957,	0
30487956,	0
30487955,	0
30487954,	0
30487953,	0
30487952,	0
30487951,	0
30487950,	0
30487949,	0
30487948,	0
30487947,	0
30487946,	0
30487945,	0
30487944,	0
30487943,	0
30487942,	0
30487941,	0
30487940,	0
30487939,	0
30487938,	0
30487937,	0
30487936,	0
30487999,	0
30487998,	0
30487997,	0
30487996,	0
30487995,	0
30487994,	0
30487993,	0
30487992,	0
30487991,	0
30487990,	0
30487989,	0
30487988,	0
30487987,	0
30487986,	0
30487985,	0
30487984,	0
30487983,	0
30487982,	0
30487981,	0
30487980,	0
30487979,	0
30487978,	0
30487977,	0
30487976,	0
30487975,	0
30487974,	0
30487973,	0
30487972,	0
30487971,	0
30487970,	0
30487969,	0
30487968,	0
30488031,	0
30488030,	0
30488029,	0
30488028,	0
30488027,	0
30488026,	0
30488025,	0
30488024,	0
30488023,	0
30488022,	0
30488021,	0
30488020,	0
30488019,	0
30488018,	0
30488017,	0
30488016,	0
30488015,	0
30488014,	0
30488013,	0
30488012,	0
30488011,	0
30488010,	13
30488009,	0
30488008,	0
30488007,	0
30488006,	0
30488005,	0
30488004,	0
30488003,	0
30488002,	196
30488001,	0
30488000,	0
30488063,	0
30488062,	0
30488061,	0
30488060,	0
30488059,	0
30488058,	0
30488057,	0
30488056,	0
30488055,	0
30488054,	0
30488053,	0
30488052,	0
30488051,	0
30488050,	0
30488049,	0
30488048,	0
30488047,	0
30488046,	0
30488045,	0
30488044,	0
30488043,	0
30488042,	0
30488041,	0
30488040,	0
30488039,	0
30488038,	0
30488037,	0
