30489142,	0
30489141,	0
30489140,	0
30489139,	0
30489138,	0
30489137,	0
30489136,	0
30489135,	0
30489134,	0
30489133,	0
30489132,	0
30489131,	0
30489130,	0
30489129,	0
30489128,	0
30489127,	0
30489126,	0
30489125,	0
30489124,	0
30489123,	0
30489122,	0
30489121,	0
30489120,	0
30489167,	0
30489166,	0
30489165,	0
30489164,	0
30489163,	0
30489162,	0
30489161,	0
30489160,	0
30489159,	0
30489158,	0
30489157,	0
30489156,	0
30489155,	0
30489154,	0
30489153,	0
30489152,	0
30491423,	0
30491422,	0
30491421,	0
30491420,	0
30491419,	0
30491418,	0
30491417,	0
30491416,	0
30491415,	0
30491414,	24
30491413,	0
30491412,	0
30491411,	0
30491410,	18
30491409,	0
30491408,	0
30491407,	0
30491406,	0
30491405,	0
30491404,	0
30491403,	0
30491402,	0
30491401,	0
30491400,	0
30491399,	0
30491398,	0
30491397,	0
30491396,	0
30491395,	0
30491394,	0
30491393,	0
30491392,	0
30491455,	0
30491454,	0
30491453,	0
30491452,	0
30491451,	0
30491450,	0
30491449,	36
30491448,	18
30491447,	0
30491446,	0
30491445,	0
30491444,	0
30491443,	0
30491442,	0
30491441,	36
30491440,	18
30491439,	0
30491438,	0
30491437,	0
30491436,	0
30491435,	0
30491434,	0
30491433,	0
30491432,	0
30491431,	0
30491430,	0
30491429,	0
30491428,	0
30491427,	0
30491426,	0
30491425,	0
30491424,	0
30491487,	0
30491486,	0
30491485,	0
30491484,	0
30491483,	0
30491482,	0
30491481,	0
30491480,	0
30491479,	0
30491478,	0
30491477,	0
30491476,	0
30491475,	0
30491474,	0
30491473,	0
30491472,	0
30491471,	0
30491470,	0
30491469,	0
30491468,	0
30491467,	0
30491466,	0
30491465,	0
30491464,	0
30491463,	0
30491462,	0
30491461,	0
30491460,	0
30491459,	0
30491458,	0
30491457,	0
30491456,	0
30491519,	0
30491518,	0
30491517,	0
30491516,	0
30491515,	0
30491514,	0
30491513,	0
30491512,	0
30491511,	0
30491510,	0
30491509,	0
30491508,	0
30491507,	0
30491506,	0
30491505,	0
30491504,	0
30491503,	0
30491502,	0
30491501,	0
30491500,	0
30491499,	0
30491498,	0
30491497,	0
30491496,	0
30491495,	0
30491494,	0
30491493,	0
30491492,	0
30491491,	0
