30491839,	0
30491838,	0
30491837,	0
30491836,	0
30491835,	0
30491834,	0
30491833,	0
30491832,	112
30491831,	0
30491830,	0
30491829,	0
30491828,	0
30491827,	0
30491826,	0
30491825,	0
30491824,	56
30491823,	0
30491822,	0
30491821,	0
30491820,	0
30491819,	0
30491818,	0
30491817,	0
30491816,	0
30491815,	0
30491814,	0
30491813,	0
30491812,	0
30491811,	0
30491810,	0
30491809,	0
30491808,	56
30491871,	0
30491870,	0
30491869,	0
30491868,	0
30491867,	0
30491866,	0
30491865,	0
30491864,	0
30491863,	0
30491862,	0
30491861,	0
30491860,	0
30491859,	0
30491858,	0
30491857,	0
30491856,	0
30491855,	0
30491854,	0
30491853,	0
30491852,	0
30491851,	0
30491850,	0
30491849,	0
30491848,	196
30491847,	0
30491846,	0
30491845,	0
30491844,	0
30491843,	0
30491842,	0
30491841,	0
30491840,	0
30491903,	0
30491902,	0
30491901,	0
30491900,	0
30491899,	0
30491898,	0
30491897,	0
30491896,	196
30491895,	0
30491894,	0
30491893,	0
30491892,	0
30491891,	0
30491890,	0
30491889,	0
30491888,	0
30491887,	0
30491886,	0
30491885,	0
30491884,	0
30491883,	0
30491882,	0
30491881,	0
30491880,	0
30491879,	0
30491878,	0
30491877,	0
30491876,	0
30491875,	0
30491874,	0
30491873,	0
30491872,	0
30491935,	0
30491934,	0
30491933,	0
30491932,	0
30491931,	0
30491930,	0
30491929,	0
30491928,	0
30491927,	0
30491926,	0
30491925,	0
30491924,	0
30491923,	0
30491922,	0
30491921,	0
30491920,	0
30491919,	0
30491918,	0
30491917,	0
30491916,	0
30491915,	0
30491914,	0
30491913,	0
30491912,	0
30491911,	0
30491910,	0
30491909,	0
30491908,	0
30491907,	0
30491906,	0
30491905,	0
30491904,	0
30491967,	0
30491966,	0
30491965,	0
30491964,	0
30491963,	0
30491962,	0
30491961,	0
30491960,	196
30491959,	0
30491958,	0
30491957,	0
30491956,	0
30491955,	0
30491954,	0
30491953,	0
30491952,	0
30491951,	0
30491950,	0
30491949,	0
30491948,	0
30491947,	0
30491946,	0
30491945,	0
30491944,	0
30491943,	0
30491942,	0
30491941,	0
30491940,	0
30491939,	0
30491938,	0
30491937,	0
30491936,	0
30491999,	0
30491998,	0
30491997,	0
