30496048,	0
30496047,	0
30496046,	0
30496045,	0
30496044,	0
30496043,	0
30496042,	0
30496041,	196
30496040,	0
30496039,	0
30496038,	0
30496037,	0
30496036,	0
30496035,	0
30496034,	0
30496033,	196
30496032,	0
30496095,	0
30496094,	0
30496093,	0
30496092,	0
30496091,	0
30496090,	0
30496089,	196
30496088,	0
30496087,	0
30496086,	0
30496085,	0
30496084,	0
30496083,	0
30496082,	0
30496081,	196
30496080,	0
30496079,	0
30496078,	0
30496077,	0
30496076,	0
30496075,	0
30496074,	0
30496073,	0
30496072,	0
30496071,	0
30496070,	0
30496069,	0
30496068,	0
30496067,	0
30496066,	0
30496065,	0
30496064,	0
30496127,	0
30496126,	0
30496125,	0
30496124,	0
30496123,	0
30496122,	196
30496121,	0
30496120,	0
30496119,	0
30496118,	0
30496117,	0
30496116,	0
30496115,	0
30496114,	196
30496113,	0
30496112,	0
30496111,	0
30496110,	0
30496109,	0
30496108,	196
30496107,	0
30496106,	0
30496105,	0
30496104,	0
30496103,	0
30496102,	0
30496101,	0
30496100,	196
30496099,	0
30496098,	0
30496097,	0
30496096,	0
30496159,	0
30496158,	0
30496157,	0
30496156,	0
30496155,	0
30496154,	0
30496153,	0
30496152,	0
30496151,	0
30496150,	0
30496149,	0
30496148,	0
30496147,	0
30496146,	0
30496145,	0
30496144,	196
30496143,	0
30496142,	0
30496141,	0
30496140,	0
30496139,	0
30496138,	0
30496137,	0
30496136,	0
30496135,	0
30496134,	0
30496133,	0
30496132,	0
30496131,	0
30496130,	0
30496129,	0
30496128,	0
30496191,	0
30496190,	0
30496189,	0
30496188,	0
30496187,	0
30496186,	0
30496185,	0
30496184,	0
30496183,	0
30496182,	0
30496181,	0
30496180,	0
30496179,	0
30496178,	0
30496177,	0
30496176,	0
30496175,	0
30496174,	0
30496173,	0
30496172,	0
30496171,	0
30496170,	0
30496169,	0
30496168,	0
30496167,	0
30496166,	0
30496165,	0
30496164,	0
30496163,	0
30496162,	0
30496161,	0
30496160,	196
30496223,	0
30496222,	0
30496221,	0
30496220,	0
30496219,	0
30496218,	0
30496217,	196
30496216,	0
30496215,	0
30496214,	0
30496213,	0
30496212,	0
30496211,	0
30496210,	0
30496209,	196
30496208,	0
30496207,	0
30496206,	0
