30496205,	0
30496204,	0
30496203,	0
30496202,	0
30496201,	0
30496200,	0
30496199,	0
30496198,	0
30496197,	0
30496196,	0
30496195,	0
30496194,	0
30496193,	0
30496192,	0
30496255,	0
30496254,	0
30496253,	0
30496252,	0
30496251,	0
30496250,	196
30496249,	0
30496248,	0
30496247,	0
30496246,	0
30496245,	0
30496244,	0
30496243,	0
30496242,	196
30496241,	0
30496240,	0
30496239,	0
30496238,	0
30496237,	0
30496236,	0
30496235,	0
30496234,	0
30496233,	0
30496232,	0
30496231,	0
30496230,	0
30496229,	0
30496228,	0
30496227,	0
30496226,	0
30496225,	0
30496224,	0
30496287,	0
30496286,	0
30496285,	0
30496284,	0
30496283,	0
30496282,	0
30496281,	0
30496280,	0
30496279,	0
30496278,	0
30496277,	0
30496276,	0
30496275,	0
30496274,	0
30496273,	0
30496272,	196
30496271,	0
30496270,	0
30496269,	0
30496268,	0
30496267,	0
30496265,	0
30496264,	0
30496263,	0
30496262,	0
30496261,	0
30496260,	0
30496259,	0
30496258,	196
30496257,	0
30496256,	0
30496319,	0
30496318,	0
30496317,	0
30496316,	0
30496315,	0
30496314,	0
30496313,	0
30496312,	0
30496311,	0
30496310,	0
30496309,	0
30496308,	0
30496307,	0
30496306,	0
30496305,	0
30496304,	0
30496303,	0
30496302,	0
30496301,	0
30496300,	0
30496299,	0
30496298,	0
30496297,	0
30496296,	0
30496295,	0
30496294,	0
30496293,	0
30496292,	0
30496291,	0
30496290,	0
30496289,	0
30496288,	196
30496383,	0
30496382,	0
30496381,	0
30496380,	0
30496379,	0
30496378,	0
30496376,	0
30496375,	0
30496374,	0
30496373,	0
30496372,	0
30496371,	0
30496370,	0
30496369,	196
30496368,	0
30496367,	0
30496366,	0
30496365,	0
30496364,	0
30496363,	0
30496362,	0
30496361,	0
30496360,	0
30496359,	0
30496358,	0
30496357,	0
30496356,	0
30496355,	0
30496354,	0
30496353,	0
30496352,	0
30496415,	0
30496414,	0
30496413,	0
30496412,	0
30496411,	0
30496410,	0
30496409,	0
30496408,	0
30496407,	0
30496406,	0
30496405,	0
30496404,	0
30496403,	0
30496402,	0
30496401,	0
30496400,	0
30496399,	0
30496398,	0
30496397,	0
30496396,	0
30496395,	0
30496394,	0
