30497071,	0
30497070,	0
30497069,	0
30497068,	0
30497067,	0
30497066,	0
30497065,	0
30497064,	0
30497063,	0
30497062,	0
30497061,	0
30497060,	0
30497059,	0
30497058,	0
30497057,	0
30497056,	0
30497199,	0
30497198,	0
30497197,	0
30497196,	0
30497195,	0
30497194,	0
30497193,	0
30497192,	0
30497191,	0
30497190,	0
30497189,	0
30497188,	0
30497187,	0
30497186,	0
30497185,	0
30497184,	0
30497343,	0
30497342,	0
30497341,	0
30497340,	0
30497339,	0
30497338,	0
30497337,	0
30497336,	0
30497335,	0
30497334,	0
30497333,	0
30497332,	0
30497331,	0
30497330,	0
30497329,	0
30497328,	0
30497327,	0
30497326,	0
30497325,	0
30497324,	0
30497323,	0
30497322,	0
30497321,	0
30497320,	0
30497319,	0
30497318,	0
30497317,	0
30497316,	0
30497315,	0
30497314,	0
30497313,	0
30497312,	0
30497359,	0
30497358,	0
30497357,	0
30497356,	0
30497355,	0
30497354,	0
30497353,	0
30497352,	0
30497351,	0
30497350,	0
30497349,	0
30497348,	0
30497347,	0
30497346,	0
30497345,	0
30497344,	0
30499550,	0
30499547,	0
30499546,	118
30499545,	0
30499544,	88
30499543,	0
30499542,	0
30499541,	0
30499540,	56
30499537,	56
30499536,	100
30499532,	0
30499523,	28
30499522,	28
30499521,	84
30499520,	126
30499582,	118
30499581,	118
30499580,	0
30499579,	0
30499570,	0
30499567,	0
30499566,	0
30499558,	0
30499557,	0
30499556,	84
30499555,	0
30499553,	0
30499552,	0
30499614,	0
30499613,	42
30499612,	42
30499611,	42
30499610,	84
30499609,	0
30499608,	84
30499607,	101
30499606,	86
30499605,	0
30499604,	94
30499601,	151
30499600,	150
30499596,	0
30499595,	0
30499592,	0
30499591,	0
30499590,	0
30499589,	0
30499588,	0
30499587,	70
30499586,	70
30499585,	56
30499584,	56
30499646,	161
30499645,	0
30499644,	0
30499643,	0
30499641,	0
30499640,	0
30499639,	0
30499638,	0
30499637,	103
30499636,	0
30499635,	0
30499634,	0
30499631,	128
30499630,	128
30499629,	0
30499628,	0
30499627,	0
30499626,	52
30499625,	52
30499624,	93
30499623,	0
30499622,	118
30499621,	0
30499620,	0
30499619,	0
30499617,	0
30499616,	0
30499678,	0
30499677,	127
30499676,	74
30499675,	81
