30508887,	0
30508886,	0
30508885,	0
30508884,	0
30508883,	0
30508882,	0
30508881,	0
30508880,	0
30508878,	10
30508877,	0
30508876,	0
30508875,	0
30508874,	0
30508873,	0
30508872,	0
30508871,	13
30508870,	13
30508869,	0
30508868,	0
30508867,	0
30508866,	0
30508865,	0
30508864,	0
30508927,	0
30508926,	0
30508925,	0
30508924,	0
30508923,	0
30508922,	0
30508921,	0
30508920,	0
30508919,	0
30508918,	0
30508917,	0
30508916,	0
30508915,	0
30508914,	0
30508913,	0
30508912,	0
30508911,	0
30508910,	0
30508909,	0
30508908,	0
30508907,	0
30508906,	0
30508905,	0
30508904,	0
30508903,	0
30508902,	0
30508901,	0
30508900,	0
30508899,	0
30508898,	0
30508897,	0
30508896,	0
30508943,	0
30508942,	0
30508941,	0
30508940,	0
30508939,	0
30508938,	0
30508937,	0
30508936,	0
30508935,	0
30508934,	0
30508933,	0
30508932,	0
30508931,	0
30508930,	0
30508929,	0
30508928,	0
30508991,	0
30508990,	0
30508989,	0
30508988,	0
30508987,	0
30508986,	0
30508985,	0
30508984,	0
30508983,	0
30508982,	0
30508981,	0
30508980,	0
30508979,	0
30508978,	0
30508977,	0
30508976,	0
30508975,	0
30508974,	0
30508973,	0
30508972,	0
30508971,	0
30508970,	0
30508969,	0
30508968,	0
30508967,	0
30508966,	0
30508965,	0
30508964,	0
30508963,	0
30508962,	0
30508961,	0
30508960,	0
30509007,	0
30509006,	0
30509005,	0
30509004,	0
30509003,	0
30509002,	0
30509001,	0
30509000,	0
30508999,	0
30508998,	0
30508997,	0
30508996,	0
30508995,	0
30508994,	0
30508993,	0
30508992,	0
30509055,	0
30509054,	0
30509053,	0
30509052,	0
30509051,	0
30509050,	0
30509049,	0
30509048,	0
30509047,	0
30509046,	0
30509045,	0
30509044,	0
30509043,	0
30509042,	0
30509041,	0
30509040,	196
30509039,	0
30509038,	0
30509037,	0
30509036,	0
30509035,	0
30509034,	0
30509033,	0
30509032,	0
30509031,	0
30509030,	0
30509029,	0
30509028,	0
30509027,	0
30509026,	0
30509025,	0
30509024,	0
30509087,	0
30509086,	0
30509085,	0
30509084,	0
30509083,	0
30509082,	0
30509081,	0
30509080,	0
30509079,	0
30509078,	0
30509077,	0
