30512086,	0
30512085,	0
30512084,	0
30512083,	70
30512082,	0
30512081,	0
30512080,	0
30512079,	0
30512078,	0
30512077,	0
30512076,	0
30512075,	117
30512074,	0
30512073,	0
30512072,	0
30512071,	0
30512070,	0
30512069,	0
30512068,	0
30512067,	117
30512066,	0
30512065,	0
30512064,	0
30512127,	0
30512126,	0
30512125,	0
30512124,	0
30512123,	0
30512122,	0
30512121,	0
30512120,	0
30512119,	0
30512118,	0
30512117,	0
30512116,	0
30512115,	0
30512114,	0
30512113,	0
30512112,	0
30512111,	0
30512110,	0
30512109,	0
30512108,	0
30512107,	0
30512106,	0
30512105,	0
30512104,	0
30512103,	0
30512102,	0
30512101,	0
30512100,	0
30512099,	0
30512098,	0
30512097,	0
30512096,	0
30512143,	0
30512142,	0
30512141,	0
30512140,	0
30512139,	0
30512138,	0
30512137,	0
30512136,	0
30512135,	0
30512134,	0
30512133,	0
30512132,	0
30512131,	0
30512130,	0
30512129,	0
30512128,	0
30512207,	0
30512206,	0
30512205,	0
30512204,	0
30512203,	0
30512202,	0
30512201,	0
30512200,	0
30512199,	0
30512198,	0
30512197,	0
30512196,	0
30512195,	0
30512194,	0
30512193,	0
30512192,	0
30512287,	0
30512286,	0
30512285,	0
30512284,	0
30512283,	0
30512282,	0
30512281,	0
30512280,	0
30512279,	0
30512278,	0
30512277,	0
30512276,	0
30512275,	0
30512274,	0
30512273,	0
30512272,	0
30512271,	0
30512270,	0
30512269,	0
30512268,	0
30512267,	0
30512266,	0
30512265,	0
30512264,	0
30512263,	0
30512262,	0
30512261,	0
30512260,	0
30512259,	0
30512258,	0
30512257,	0
30512256,	0
30512351,	0
30512350,	0
30512349,	0
30512348,	0
30512347,	0
30512346,	0
30512345,	0
30512344,	0
30512343,	0
30512342,	0
30512341,	0
30512340,	0
30512339,	0
30512338,	0
30512337,	0
30512336,	0
30512335,	0
30512334,	0
30512333,	0
30512332,	0
30512331,	0
30512330,	0
30512329,	0
30512328,	0
30512327,	0
30512326,	0
30512325,	0
30512324,	0
30512323,	0
30512322,	0
30512321,	0
30512320,	0
30512415,	0
30512414,	0
30512413,	0
30512412,	0
30512411,	0
30512410,	0
30512409,	0
30512408,	0
30512407,	0
30512406,	0
30512405,	0
30512404,	0
