30513221,	0
30513220,	0
30513219,	0
30513218,	0
30513217,	0
30513216,	0
30513279,	0
30513278,	0
30513277,	0
30513276,	0
30513275,	0
30513274,	0
30513273,	0
30513272,	0
30513271,	0
30513270,	0
30513269,	0
30513268,	0
30513267,	0
30513266,	0
30513265,	0
30513264,	0
30513263,	0
30513262,	0
30513261,	0
30513260,	0
30513259,	0
30513258,	0
30513257,	0
30513256,	0
30513255,	0
30513254,	0
30513253,	0
30513252,	0
30513251,	0
30513250,	0
30513249,	0
30513248,	0
30513295,	0
30513294,	0
30513293,	0
30513292,	0
30513291,	0
30513290,	0
30513289,	0
30513288,	0
30513287,	0
30513286,	0
30513285,	0
30513284,	0
30513283,	0
30513282,	0
30513281,	0
30513280,	0
30513343,	0
30513342,	0
30513341,	0
30513340,	0
30513339,	0
30513338,	0
30513337,	0
30513336,	0
30513335,	0
30513334,	0
30513333,	0
30513332,	0
30513331,	0
30513330,	0
30513329,	0
30513328,	0
30513327,	0
30513326,	0
30513325,	0
30513324,	0
30513323,	0
30513322,	0
30513321,	0
30513320,	0
30513319,	0
30513318,	0
30513317,	0
30513316,	0
30513315,	0
30513314,	0
30513313,	0
30513312,	0
30513375,	0
30513374,	0
30513373,	0
30513372,	0
30513371,	0
30513370,	0
30513369,	0
30513368,	0
30513367,	0
30513366,	0
30513365,	0
30513364,	0
30513363,	0
30513362,	0
30513361,	0
30513360,	0
30513359,	0
30513358,	0
30513357,	0
30513356,	0
30513355,	0
30513354,	0
30513353,	0
30513352,	0
30513351,	0
30513350,	0
30513349,	0
30513348,	0
30513347,	0
30513346,	0
30513345,	0
30513344,	0
30513407,	0
30513406,	0
30513405,	0
30513404,	0
30513403,	0
30513402,	0
30513401,	0
