30521214,	0
30521213,	0
30521212,	0
30521211,	0
30521210,	0
30521209,	0
30521208,	0
30521207,	0
30521206,	0
30521205,	0
30521204,	0
30521203,	0
30521202,	0
30521201,	0
30521200,	0
30521199,	0
30521198,	0
30521197,	0
30521196,	0
30521195,	0
30521194,	0
30521193,	0
30521192,	0
30521191,	0
30521190,	0
30521189,	0
30521188,	0
30521187,	0
30521186,	0
30521185,	0
30521184,	0
30521231,	0
30521230,	0
30521229,	0
30521228,	0
30521227,	0
30521226,	0
30521225,	0
30521224,	0
30521223,	0
30521222,	0
30521221,	0
30521220,	0
30521219,	0
30521218,	0
30521217,	0
30521216,	0
30521279,	0
30521278,	0
30521277,	0
30521276,	0
30521275,	0
30521274,	0
30521273,	0
30521272,	0
30521271,	0
30521270,	0
30521269,	0
30521268,	0
30521267,	0
30521266,	0
30521265,	0
30521264,	0
30521263,	0
30521262,	0
30521261,	0
30521260,	0
30521259,	0
30521258,	0
30521257,	0
30521256,	0
30521255,	0
30521254,	0
30521253,	0
30521252,	0
30521251,	0
30521250,	0
30521249,	0
30521248,	0
30521295,	60
30521294,	0
30521293,	0
30521292,	0
30521291,	0
30521290,	0
30521289,	0
30521288,	0
30521287,	0
30521286,	0
30521285,	0
30521284,	0
30521283,	0
30521282,	0
30521281,	0
30521280,	0
30521343,	0
30521342,	0
30521341,	0
30521340,	196
30521339,	0
30521338,	0
30521337,	0
30521336,	0
30521335,	0
30521334,	0
30521333,	0
30521332,	196
30521331,	0
30521330,	0
30521329,	0
30521328,	182
30521327,	196
30521326,	0
30521325,	0
30521324,	0
30521323,	0
30521322,	0
30521321,	0
30521320,	0
30521319,	196
30521318,	0
30521317,	0
30521316,	0
30521315,	0
30521314,	0
30521313,	0
30521312,	0
30521375,	0
30521374,	0
30521373,	0
30521372,	0
30521371,	0
30521370,	0
30521369,	0
30521368,	0
30521367,	0
30521366,	0
30521365,	0
30521364,	0
30521363,	0
30521362,	0
30521361,	0
30521360,	0
30521359,	14
30521358,	0
30521357,	0
30521356,	0
30521355,	0
30521354,	0
30521353,	0
30521352,	0
30521351,	0
30521350,	0
30521349,	0
30521348,	196
30521347,	0
30521346,	0
30521345,	196
30521344,	14
30521407,	196
30521406,	0
30521405,	0
30521404,	0
30521403,	0
