30521402,	0
30521401,	0
30521400,	0
30521399,	196
30521398,	196
30521397,	0
30521396,	0
30521395,	0
30521394,	0
30521393,	0
30521392,	0
30521391,	0
30521390,	0
30521389,	0
30521388,	0
30521387,	0
30521386,	0
30521385,	0
30521384,	0
30521383,	0
30521382,	0
30521381,	0
30521380,	0
30521379,	0
30521378,	0
30521377,	0
30521376,	0
30521423,	0
30521422,	0
30521421,	0
30521420,	0
30521419,	0
30521418,	0
30521417,	0
30521416,	0
30521415,	0
30521414,	0
30521413,	0
30521412,	0
30521411,	0
30521410,	0
30521409,	0
30521408,	0
30521471,	0
30521470,	0
30521469,	0
30521468,	0
30521467,	0
30521466,	0
30521465,	0
30521464,	0
30521463,	0
30521462,	0
30521461,	0
30521460,	0
30521459,	0
30521458,	0
30521457,	0
30521456,	0
30521455,	196
30521454,	0
30521453,	0
30521452,	0
30521451,	0
30521450,	0
30521449,	0
30521448,	0
30521447,	196
30521446,	0
30521445,	0
30521444,	0
30521443,	0
30521442,	0
30521441,	0
30521440,	0
30521487,	0
30521486,	0
30521485,	0
30521484,	0
30521483,	0
30521482,	0
30521481,	0
30521480,	0
30521479,	0
30521478,	0
30521477,	0
30521476,	0
30521475,	0
30521474,	0
30521473,	0
30521472,	0
30521535,	0
30521534,	0
30521533,	0
30521532,	0
30521531,	0
30521530,	0
30521529,	0
30521528,	0
30521527,	0
30521526,	0
30521525,	0
30521524,	0
30521523,	0
30521522,	0
30521521,	0
30521520,	0
30521519,	0
30521518,	0
30521517,	0
30521516,	0
30521515,	0
30521514,	0
30521513,	0
30521512,	0
30521511,	0
30521510,	0
30521509,	0
30521508,	0
30521507,	0
30521506,	0
30521505,	0
30521504,	0
30521567,	0
30521566,	0
30521565,	0
30521564,	0
30521563,	0
30521562,	0
30521561,	0
30521560,	0
30521559,	0
30521558,	0
30521557,	0
30521556,	0
30521555,	0
30521554,	0
30521553,	0
30521552,	0
30521551,	0
30521550,	0
30521549,	0
30521548,	0
30521547,	0
30521546,	0
30521545,	0
30521544,	0
30521543,	0
30521542,	0
30521541,	0
30521540,	0
30521539,	0
30521538,	0
30521537,	0
30521536,	0
30521599,	0
30521598,	0
30521597,	0
30521596,	0
30521595,	0
30521594,	0
30521593,	0
30521592,	0
