30558807,	0
30558806,	0
30558805,	0
30558804,	0
30558791,	0
30558790,	0
30558789,	0
30558788,	0
30558843,	0
30558842,	0
30558837,	0
30558836,	0
30558833,	0
30558832,	0
30558827,	0
30558826,	0
30558821,	0
30558820,	0
30558879,	0
30558878,	0
30558869,	0
30558868,	0
30558865,	0
30558864,	0
30558863,	0
30558862,	0
30558855,	0
30558854,	0
30558853,	0
30558852,	0
30558895,	0
30558894,	0
30558887,	0
30558886,	0
30558885,	0
30558884,	0
30558881,	0
30558880,	0
30558935,	0
30558934,	0
30558933,	0
30558932,	0
30558923,	0
30558922,	0
30558919,	0
30558918,	0
30558917,	0
30558916,	0
30558913,	0
30558912,	0
30558965,	0
30558964,	0
30558955,	0
30558954,	0
30558945,	0
30558944,	0
30558997,	0
30558996,	0
30558993,	0
30558992,	0
30558987,	0
30558986,	0
30559013,	0
30559012,	0
30559009,	0
30559008,	0
30559061,	0
30559060,	0
30559049,	0
30559048,	0
30559045,	0
30559044,	0
30559073,	0
30559072,	0
30559163,	0
30559162,	0
30559179,	0
30559178,	0
